id,EAP,HPL,MWS
id02310,0.111392,0.0329567,0.855652
id24541,0.907823,0.080753,0.0114239
id00134,0.133436,0.837442,0.0291219
id27757,0.885422,0.0854779,0.0291004
id04081,0.899171,0.0352858,0.0655433
id27337,0.216042,0.778132,0.0058263
id24265,0.959744,0.0325517,0.00770471
id25917,0.150723,0.101026,0.748252
id04951,0.981158,0.0184784,0.000364013
id14549,0.92332,0.0410689,0.0356114
id22505,0.0373966,0.858587,0.104016
id24002,0.000561034,0.997727,0.00171208
id18982,0.071049,0.564197,0.364754
id15181,0.0519637,0.942023,0.0060129
id21888,0.911877,0.0307986,0.0573242
id12035,0.00575538,0.000145307,0.994099
id17991,0.189814,0.0037845,0.806401
id10707,0.999938,3.91576e-05,2.24437e-05
id07101,0.123733,0.334003,0.542264
id00345,0.544418,0.443545,0.0120373
id05912,0.925791,0.010305,0.0639043
id13443,0.915736,0.0485305,0.0357339
id09248,0.625187,0.0617234,0.31309
id17542,0.012733,0.981199,0.0060677
id06995,0.131632,0.0255638,0.842805
id25159,0.749965,0.00520097,0.244834
id25729,0.686208,0.204071,0.109721
id26949,0.981397,0.00924955,0.00935364
id27191,0.110316,0.0130452,0.876639
id07668,0.152862,0.00971274,0.837425
id02230,0.0644182,0.22941,0.706172
id15553,0.989037,0.00518878,0.00577413
id25688,0.00148025,0.990908,0.00761164
id17545,0.984707,0.0103047,0.00498863
id13929,0.658393,0.118432,0.223175
id12880,0.596919,0.184861,0.21822
id19282,0.790853,0.140599,0.0685481
id14690,0.000873333,0.000238932,0.998888
id17975,0.0966342,0.87867,0.024696
id08037,0.847646,0.00749683,0.144857
id15412,0.646966,0.00151675,0.351517
id25032,0.457691,0.01848,0.523829
id27165,0.999102,0.000500575,0.000397074
id03327,0.867731,0.0699727,0.0622963
id18515,0.96296,0.00388406,0.0331559
id21003,0.292347,0.112405,0.595247
id23855,0.000555627,0.995873,0.00357186
id20724,0.913525,0.00905319,0.0774221
id13303,0.742505,0.0371825,0.220313
id16521,0.00804284,0.578361,0.413596
id20775,0.974222,0.0158779,0.0099003
id13029,0.99598,0.00288538,0.00113446
id14660,0.826378,0.158347,0.0152748
id11028,0.00299156,3.75019e-05,0.996971
id14180,0.990136,0.00812996,0.00173373
id25860,0.995497,0.00282613,0.00167725
id11910,0.814684,0.00980759,0.175509
id08065,0.0874884,0.0115643,0.900947
id22674,0.0473874,0.0322605,0.920352
id25018,0.540057,0.00924953,0.450693
id10892,0.194071,0.782468,0.0234606
id10217,0.0670678,0.920727,0.0122054
id12996,0.0741821,0.0160997,0.909718
id18262,0.647764,0.100052,0.252184
id08606,0.119029,0.780601,0.10037
id17233,0.994552,0.00116988,0.0042785
id00101,0.771206,0.164537,0.064257
id12225,0.977781,0.00990482,0.0123136
id01364,0.0545937,0.940177,0.00522936
id24973,0.755515,0.00349866,0.240986
id25363,0.511664,0.00513514,0.483201
id10061,0.591023,0.0590059,0.349971
id17673,0.486558,0.35947,0.153972
id13249,0.129338,0.0243409,0.846321
id10107,0.00141591,0.000162783,0.998421
id04403,0.946806,0.010817,0.0423767
id25728,0.921885,0.019707,0.0584081
id16184,0.212174,0.170231,0.617595
id03438,0.0104916,0.000100233,0.989408
id22923,0.0106995,0.987891,0.00140968
id08610,0.9866,0.000502871,0.0128971
id25355,0.0513906,0.0529886,0.895621
id16916,0.736368,0.24654,0.0170922
id12793,0.0363753,0.936437,0.0271873
id11859,0.365402,0.0102686,0.624329
id02434,0.998081,0.00170233,0.0002163
id27703,0.0500388,0.00370336,0.946258
id25212,0.0752408,0.903199,0.02156
id11308,0.01424,0.15512,0.83064
id26094,0.879934,0.0780717,0.0419947
id22080,0.99344,0.00645459,0.000105212
id03545,0.99193,0.00414742,0.00392236
id23725,0.0274489,0.0156972,0.956854
id12009,0.943331,0.0100591,0.0466103
id24241,0.335728,0.399914,0.264358
id03596,0.0292075,0.955089,0.0157036
id10749,0.109663,0.853222,0.0371156
id22794,0.00379274,0.00209211,0.994115
id15482,0.495843,0.124653,0.379504
id04833,0.658236,0.292413,0.0493514
id00397,0.191121,0.00973674,0.799143
id14691,0.157929,0.154741,0.68733
id05193,0.0267305,0.00325394,0.970016
id19541,0.919677,0.0511383,0.029185
id22166,0.00739116,0.00542554,0.987183
id20744,0.0259533,0.00390642,0.97014
id10392,0.0344293,0.0282595,0.937311
id00770,0.943895,0.029082,0.0270234
id06018,0.92488,0.018241,0.0568791
id15678,0.700954,0.0116297,0.287416
id08305,0.99705,0.0026035,0.000346163
id08903,0.194667,0.00459095,0.800742
id14752,0.390471,0.572721,0.0368078
id12468,0.0269703,0.971002,0.00202797
id05085,0.733741,0.233913,0.0323456
id21993,0.154333,0.00762739,0.838039
id15503,0.931372,0.0599812,0.00864675
id03021,0.000401981,0.996215,0.00338295
id16123,0.995869,0.000514688,0.00361657
id19383,0.997586,0.00174628,0.000667285
id04186,0.9968,0.000891148,0.00230926
id17954,0.0215258,0.00291308,0.975561
id12030,0.368089,0.00170079,0.63021
id13020,0.830141,0.150039,0.0198196
id25327,0.0157184,0.841188,0.143094
id16344,0.0298823,0.143161,0.826957
id12303,0.187176,0.797965,0.0148588
id15017,0.963625,0.0278521,0.0085233
id22308,0.271976,0.0413246,0.686699
id06536,0.0609387,0.528651,0.41041
id19797,0.0198741,0.929536,0.0505903
id06332,0.342817,0.558312,0.0988712
id22941,0.193858,0.322857,0.483285
id13547,0.011313,0.0970874,0.8916
id06928,0.110818,0.00185799,0.887324
id12521,0.0446335,0.948101,0.00726576
id25716,0.686752,0.000554775,0.312693
id27116,5.12572e-07,1.19165e-08,1.0
id19941,0.0233716,0.968464,0.00816474
id05711,0.000173017,0.000379933,0.999447
id02097,0.0039073,0.0272176,0.968875
id03563,0.0405405,0.949163,0.0102961
id02295,0.484913,0.50696,0.00812666
id08179,0.862384,0.0397788,0.0978368
id05332,0.00346913,0.992812,0.00371867
id15697,0.484474,0.322065,0.193462
id17026,0.724505,0.0578824,0.217613
id04243,0.31018,0.684207,0.00561291
id13175,0.998521,0.00036402,0.00111469
id05387,0.897977,0.0431434,0.0588793
id19989,0.827141,0.160742,0.0121166
id25173,0.120658,0.0981778,0.781164
id08925,0.00372137,0.995701,0.000577431
id03034,0.00927552,0.946017,0.044707
id13272,0.0055838,0.984409,0.0100076
id07956,0.957054,0.00210837,0.0408376
id02648,1.32472e-05,1.44522e-05,0.999972
id01778,0.0321957,0.00146217,0.966342
id12846,0.00725139,0.0028889,0.98986
id19001,0.849014,0.0113068,0.139679
id05763,0.809344,0.0115486,0.179108
id15590,0.00159942,0.000682204,0.997718
id04912,0.739874,0.138509,0.121618
id21201,0.805947,0.133787,0.0602663
id13215,0.99828,0.000117805,0.00160266
id15612,0.00476637,0.990262,0.00497135
id18501,0.0794261,0.0221996,0.898374
id07223,0.767678,0.178865,0.0534573
id06707,0.23296,0.468029,0.299011
id05238,0.00134183,0.998561,9.74659e-05
id00935,0.0575164,0.515307,0.427177
id00110,0.442601,0.27493,0.282468
id17476,0.911397,0.0584635,0.0301391
id15170,0.975871,0.0180186,0.00611013
id13397,0.693839,0.0406689,0.265492
id24283,0.761775,0.124498,0.113727
id15234,0.988525,0.00962251,0.0018522
id16884,0.611906,0.249018,0.139076
id07831,0.225996,0.664497,0.109507
id16038,0.995617,0.00423418,0.000148747
id03629,0.969578,0.0187421,0.0116796
id21019,0.93447,0.0419931,0.0235368
id21835,0.797021,0.0178266,0.185152
id04480,0.0350407,0.96381,0.00114969
id20838,0.870111,0.116105,0.0137844
id24195,0.850508,0.0454456,0.104046
id05448,0.877722,0.0663889,0.0558887
id15957,0.00344126,0.991961,0.00459735
id19956,0.0179991,0.000115547,0.981885
id15104,0.0245229,0.0726122,0.902865
id17559,0.879584,0.066403,0.054013
id16839,0.268367,0.0760245,0.655609
id14493,0.790606,0.00887198,0.200522
id08833,0.609836,0.00504896,0.385115
id15723,0.0520038,0.007367,0.940629
id02716,0.959829,0.0128586,0.0273124
id06689,0.013146,0.980287,0.00656702
id18837,0.256697,0.0135754,0.729728
id04466,0.909235,0.0563602,0.0344051
id00686,0.790909,0.0849895,0.124101
id09010,0.498641,0.49029,0.0110692
id23353,0.994426,0.000558047,0.00501595
id00066,0.738545,0.250319,0.0111365
id15724,0.142624,0.845699,0.0116777
id23486,0.130089,0.00136258,0.868548
id22258,0.022661,0.0263624,0.950977
id02292,0.570914,0.17367,0.255417
id16356,0.309242,0.0109849,0.679773
id00235,0.82856,0.016589,0.154851
id25522,0.0558754,0.00697103,0.937154
id04204,0.000432525,0.999348,0.000219836
id22016,0.345616,0.0131114,0.641273
id06480,0.263738,0.702756,0.0335059
id08718,0.00391722,0.000181378,0.995901
id05251,0.0139407,0.977071,0.00898843
id03359,0.816214,0.085537,0.0982492
id16117,0.0209407,0.00118048,0.977879
id17000,0.00232637,0.994572,0.00310183
id01730,0.116777,0.870603,0.0126192
id00630,0.958261,0.0383472,0.00339131
id18175,0.013841,0.0291444,0.957015
id00907,0.567307,0.132198,0.300495
id18251,0.00877849,0.984542,0.00667984
id25861,0.377051,0.492358,0.130591
id00398,0.864446,0.0759782,0.0595759
id27573,0.978337,0.000411438,0.0212514
id10022,0.0226232,0.918436,0.0589412
id15901,0.184321,0.0054222,0.810257
id00451,0.11203,0.0988358,0.789134
id23129,0.0226003,0.973098,0.00430214
id26498,0.456747,0.283929,0.259324
id14741,0.953188,0.0118011,0.0350107
id18453,0.268349,0.0300394,0.701611
id08309,0.922453,0.0678173,0.00972928
id00320,0.992406,0.0015535,0.00604012
id07688,0.192747,0.0521159,0.755137
id01556,0.00779693,8.01722e-05,0.992123
id00178,0.480518,0.230326,0.289156
id18902,0.0572162,0.128046,0.814738
id27002,0.031783,0.966434,0.00178289
id21418,0.997707,0.00130107,0.000991457
id23018,0.366603,0.114286,0.51911
id07032,0.490759,0.0405033,0.468738
id16195,0.236884,0.0307732,0.732343
id11202,0.00218689,0.990159,0.00765396
id09578,0.758719,0.0264332,0.214848
id26984,0.914131,0.000680484,0.0851886
id19856,0.000718868,0.99862,0.000661345
id12086,0.568416,0.0203023,0.411281
id12052,0.00784695,0.000417314,0.991736
id17728,0.000327082,0.000877884,0.998795
id24608,0.862332,0.024973,0.112695
id21097,0.694263,0.0400316,0.265706
id20179,0.00166802,0.0124694,0.985863
id15144,0.672277,0.20497,0.122753
id00206,0.993209,0.00262614,0.00416528
id22285,0.0940152,0.00318719,0.902798
id06417,0.0281125,0.918859,0.053029
id00215,0.00022377,0.999574,0.000201944
id04201,0.161008,0.061282,0.77771
id21771,0.969359,0.00459745,0.0260436
id12451,0.0461687,0.675432,0.2784
id14250,0.0405763,0.768929,0.190494
id03433,0.0987174,0.883337,0.0179458
id03303,0.0385744,0.00605859,0.955367
id25901,0.420264,0.310582,0.269154
id06945,0.895557,0.0263731,0.0780698
id05664,0.842492,0.13247,0.0250381
id05741,0.967722,0.0235144,0.0087636
id10652,0.991261,0.00482735,0.00391115
id16300,0.818674,0.0210315,0.160295
id12319,0.47589,0.21565,0.30846
id07500,0.0750302,0.914985,0.009985
id12478,0.161401,0.325772,0.512827
id03076,0.0410253,0.00163563,0.957339
id00969,0.194331,0.774136,0.0315332
id23636,0.00294932,0.995406,0.00164504
id09791,0.176217,0.265105,0.558678
id05680,0.02008,0.868822,0.111098
id03672,0.0538579,0.603132,0.34301
id04286,0.00651948,0.943109,0.0503719
id23883,0.108085,0.157568,0.734347
id11914,0.287545,0.00952699,0.702928
id20974,0.00516599,0.993298,0.00153561
id26125,0.495763,0.01794,0.486297
id15543,0.428625,0.0236392,0.547736
id19471,0.998542,0.0010871,0.00037122
id11503,0.933554,0.0465573,0.0198883
id09321,0.00392462,0.835662,0.160414
id25560,0.000193827,0.000356116,0.99945
id06726,0.32456,0.317889,0.357551
id05709,0.937114,0.00158911,0.0612968
id09788,0.170543,0.601444,0.228013
id05289,0.988201,0.00862932,0.00316987
id11815,0.00428946,0.994264,0.00144632
id22422,0.600486,0.0717749,0.32774
id25954,0.781652,0.0376635,0.180685
id13601,0.785934,0.047835,0.166231
id05677,0.979415,0.00997351,0.0106116
id10498,0.0105007,0.987262,0.00223723
id02665,0.703285,0.270362,0.0263529
id10114,0.184321,0.704744,0.110935
id26314,0.970468,0.0047616,0.0247702
id21240,0.72142,0.0887267,0.189853
id15569,0.955421,0.0375073,0.00707148
id25928,0.480737,0.0683539,0.450909
id22706,0.0427578,0.952056,0.00518643
id20877,0.0183437,0.946169,0.0354869
id04318,0.997313,0.00112527,0.00156157
id18299,0.509161,0.298055,0.192784
id08126,0.0131037,0.0047949,0.982101
id14293,0.321473,0.0083153,0.670211
id12759,0.980691,0.00214611,0.0171632
id11983,0.705413,0.149156,0.145431
id05580,0.0579516,0.876004,0.0660441
id25846,0.524693,0.423974,0.0513323
id01939,0.369261,0.0238213,0.606917
id26327,0.0446692,0.202921,0.75241
id11068,0.00642895,0.000114323,0.993457
id08404,0.922648,0.00744017,0.0699114
id27189,0.782979,0.192934,0.024088
id15119,0.0332168,0.861716,0.105067
id26525,0.991534,0.000273669,0.00819239
id03618,0.388793,0.56896,0.0422471
id27220,0.997857,6.87549e-05,0.00207379
id18777,0.0163937,4.74972e-05,0.983559
id20213,0.994336,0.00139624,0.0042679
id20403,0.878877,0.0662385,0.0548849
id03777,0.24102,0.106695,0.652284
id10595,0.183782,0.696633,0.119585
id13816,0.426154,0.00738037,0.566466
id05667,0.0244559,0.00174906,0.973795
id24629,0.850252,0.0465067,0.103241
id20398,0.232519,0.229419,0.538063
id14108,0.00407413,0.000506645,0.995419
id06196,0.000520114,0.998952,0.00052792
id02800,0.086625,0.819907,0.0934678
id18732,0.000397006,0.99659,0.00301252
id11915,0.0281923,0.942595,0.0292132
id09739,0.579844,0.183486,0.236669
id24672,0.915697,0.0645605,0.0197423
id00414,0.0120804,0.114286,0.873634
id16307,0.858552,0.110246,0.0312027
id14043,0.0602025,0.00420643,0.935591
id00517,0.000230017,0.00149537,0.998275
id09744,0.766792,0.228976,0.00423268
id19257,0.946311,0.0449905,0.00869839
id15437,0.643122,0.331704,0.0251739
id16352,0.0882191,0.0187206,0.89306
id18849,0.161544,0.0032367,0.835219
id19434,1.37067e-05,0.99995,3.60569e-05
id17928,0.19187,0.0569919,0.751138
id16896,0.0435245,0.00503999,0.951436
id02135,0.140167,0.445006,0.414827
id15075,0.90297,0.0808556,0.0161747
id27486,0.00675385,0.991037,0.00220949
id19422,0.983756,0.0132563,0.00298739
id09603,0.0696106,0.894,0.0363898
id02133,0.0576292,0.89858,0.0437912
id03441,0.810077,0.00719287,0.18273
id02398,0.00139225,0.998008,0.000600061
id05152,0.154859,0.0779167,0.767224
id17838,0.101945,0.00355864,0.894496
id25060,0.707521,0.28774,0.00473976
id09998,0.168169,0.100805,0.731027
id01828,0.0518822,0.844485,0.103633
id25377,0.258238,0.0858096,0.655952
id22175,0.0345373,0.958764,0.00669857
id02974,0.0753317,0.0403855,0.884283
id26955,0.991162,0.00788169,0.000956496
id21091,0.95337,0.00752908,0.039101
id12802,0.957222,0.0154887,0.027289
id07432,0.0113664,0.939887,0.0487461
id18749,0.0690315,0.752933,0.178035
id15030,0.00185081,0.00529212,0.992857
id17155,0.00365353,0.987432,0.00891424
id08128,0.0628322,0.763544,0.173623
id25706,0.000264021,0.993252,0.0064836
id15645,0.984154,0.0119946,0.0038515
id04943,0.301631,0.685741,0.0126275
id27566,0.0658981,0.0644193,0.869683
id11765,0.192368,0.221308,0.586323
id13783,0.781448,0.177608,0.0409438
id00492,0.0379394,0.0324161,0.929644
id27636,0.0973021,0.108586,0.794112
id04273,0.773522,0.119028,0.10745
id02537,0.395906,0.0594955,0.544599
id24349,0.391474,0.605352,0.00317435
id00023,0.00102909,0.992766,0.00620488
id23025,0.0757356,0.907436,0.0168289
id08722,0.961591,0.00238327,0.0360254
id02420,0.978416,0.0180602,0.00352342
id10811,0.755495,0.0964948,0.14801
id04019,0.481571,0.105685,0.412744
id18334,0.997013,0.00221187,0.000775068
id16781,0.216419,0.754318,0.0292625
id08773,0.86984,0.0944624,0.0356978
id19214,0.920936,0.0268025,0.052262
id09589,1.09672e-06,0.999565,0.000433908
id24246,0.683972,0.274951,0.0410767
id23577,0.926451,0.0726054,0.000943728
id09305,0.96298,0.0175721,0.0194479
id16460,0.692141,0.0690344,0.238825
id21115,0.941102,0.0122222,0.0466762
id25996,0.560002,0.0835541,0.356444
id02551,0.0098806,0.0236441,0.966475
id19352,0.0263807,0.00230048,0.971319
id03806,0.0304616,0.0045175,0.965021
id26544,0.994498,0.000651495,0.00485017
id18761,0.921888,0.0408288,0.0372829
id24148,0.112725,0.870914,0.0163605
id16095,0.0183836,0.916115,0.0655018
id18442,0.709032,0.0325058,0.258462
id22596,1.09242e-06,4.20049e-07,0.999998
id23002,0.00563359,0.00032115,0.994045
id04797,0.969831,0.0123097,0.0178592
id06610,0.325539,0.020546,0.653915
id16173,0.0378216,0.919328,0.0428506
id18292,0.138518,0.231577,0.629906
id27328,0.998905,0.000496269,0.000599066
id01695,2.19442e-05,0.999841,0.000136833
id05761,0.751682,0.00919037,0.239128
id16354,0.909458,0.00429292,0.0862494
id12207,0.0177005,0.868943,0.113356
id05665,0.0739209,0.00692085,0.919158
id01911,0.968467,0.0245158,0.00701756
id19153,0.0193683,0.00337705,0.977255
id10295,0.329547,0.0841965,0.586256
id23038,0.604942,0.382343,0.0127145
id23783,0.6149,0.370372,0.014728
id27879,0.446351,0.547541,0.00610716
id19190,0.00665217,0.9933,4.77937e-05
id05065,0.759809,0.0220378,0.218153
id21296,0.112018,0.834349,0.0536328
id13262,0.0397601,0.120314,0.839926
id10333,0.938937,0.0170906,0.0439729
id16677,0.612426,0.218523,0.169051
id01392,0.326745,0.0373617,0.635894
id27874,0.988675,0.00575733,0.00556761
id02294,6.7958e-05,0.998821,0.00111096
id18298,0.00391077,0.0057441,0.990345
id06997,0.954342,0.015779,0.0298792
id05243,0.231742,0.326138,0.44212
id00860,0.0496362,0.710718,0.239646
id26681,0.945289,0.0527692,0.00194222
id06020,0.000590675,2.58955e-05,0.999383
id27683,0.937211,0.021546,0.0412427
id17655,0.160297,0.807752,0.0319506
id08817,0.0800301,0.138923,0.781047
id11512,0.0113384,0.0617958,0.926866
id00478,0.345781,0.0247886,0.629431
id02116,0.945199,0.0211688,0.0336326
id06746,0.928389,0.0563664,0.015244
id03863,0.276811,0.702675,0.0205142
id01802,0.163042,0.377377,0.459581
id11682,0.930334,0.02612,0.0435463
id04033,0.147613,0.795359,0.0570281
id09286,0.136367,0.274872,0.588762
id12904,0.959906,0.0308047,0.00928973
id07420,0.000171168,5.82023e-05,0.999771
id22398,0.000857664,0.997175,0.00196706
id00424,0.0946524,0.00615482,0.899193
id20960,0.930181,0.0503708,0.0194481
id10267,0.887817,0.0623679,0.0498153
id19330,0.408661,0.018072,0.573267
id00994,0.000272554,0.998477,0.00125061
id10785,0.693796,0.202442,0.103762
id00955,0.00757219,0.980702,0.0117255
id09757,0.00591474,0.988246,0.0058388
id10030,0.0245627,0.0974973,0.87794
id22952,0.105961,0.0766408,0.817398
id21955,0.000112239,0.000806863,0.999081
id07674,0.764165,0.0488179,0.187017
id13760,0.0256103,0.959076,0.0153142
id18166,0.948539,0.00785921,0.0436019
id23498,0.949838,0.0439423,0.00621979
id05296,0.999577,0.00022386,0.000198873
id26709,0.418954,0.452015,0.129032
id02853,0.960114,0.0360293,0.00385709
id06800,0.291208,0.172524,0.536268
id14758,0.439339,0.526587,0.0340738
id12356,0.992629,0.00376638,0.00360452
id21492,0.889715,0.0656202,0.0446652
id27540,0.357764,0.0753379,0.566898
id07376,0.106264,0.69676,0.196976
id15201,0.380177,0.574633,0.0451906
id23388,0.0170579,0.962399,0.020543
id13923,0.0559608,0.911173,0.0328659
id00794,0.00140922,0.967063,0.0315275
id23910,0.212059,0.0597469,0.728195
id02556,0.0263513,0.0146999,0.958949
id22151,0.0175476,0.98177,0.000682507
id11698,0.034666,0.926492,0.0388418
id11627,0.708875,0.127087,0.164038
id06340,0.998595,0.000161631,0.00124308
id05123,0.994624,0.00012239,0.00525329
id26620,0.00502269,0.000316499,0.994661
id04002,0.106625,0.0956392,0.797736
id26554,0.180335,0.438174,0.381491
id18012,0.172139,0.636497,0.191365
id12964,0.00843654,0.0139778,0.977586
id18965,0.00317896,0.105234,0.891587
id19082,0.353399,0.00913756,0.637463
id26742,0.0277077,0.00362855,0.968664
id15442,0.0326335,0.960711,0.00665578
id16647,0.89823,0.00252269,0.0992474
id11544,0.0383385,0.0685689,0.893093
id20581,0.484737,0.19355,0.321713
id13192,0.636372,0.337863,0.0257647
id15814,0.2606,0.278605,0.460794
id26279,0.018814,0.97936,0.00182593
id00240,0.996898,0.0014741,0.00162804
id22836,0.979534,0.0101897,0.0102767
id15085,0.0205741,0.881989,0.0974366
id17495,0.578931,0.00111111,0.419958
id26762,0.856679,0.00898211,0.134339
id13685,0.999418,9.22396e-06,0.000573274
id16560,0.051491,0.940763,0.00774646
id17184,0.00166824,0.993114,0.00521765
id21635,0.996346,0.00157461,0.00207956
id26751,0.0658875,0.922796,0.0113165
id12351,0.845866,0.0787979,0.0753363
id14872,0.755132,0.219175,0.0256925
id18372,0.866011,0.09345,0.0405394
id26851,0.945412,0.0170134,0.0375748
id22659,0.380445,0.617809,0.00174695
id04102,0.00118944,0.000157974,0.998653
id02353,0.0206394,0.958381,0.0209797
id26721,0.946594,0.049186,0.0042199
id11171,0.872733,0.0117457,0.115521
id13562,0.654929,0.309208,0.0358628
id26425,0.900888,0.0255796,0.0735327
id26394,0.256989,0.0972101,0.6458
id22187,0.8467,0.106712,0.0465875
id00422,0.973038,0.0179105,0.00905164
id22667,0.00525786,0.992959,0.00178345
id00911,0.753531,0.0204354,0.226034
id17291,0.652342,0.00834106,0.339317
id01915,0.262933,0.292453,0.444615
id01434,0.0301475,0.00372588,0.966127
id01584,0.805978,0.0274639,0.166558
id09266,0.962964,0.0124938,0.0245424
id17494,0.00830685,0.965553,0.0261399
id24919,0.738049,0.125517,0.136434
id21043,0.152648,0.00529065,0.842062
id17796,0.0346405,0.948441,0.0169185
id02166,0.401624,0.0236323,0.574743
id17503,0.979947,0.00573543,0.0143176
id21203,0.894917,0.0129827,0.0921002
id25626,0.993069,0.00603202,0.000899226
id09836,0.998303,0.00135199,0.000344834
id24202,0.0338836,0.0975256,0.868591
id27260,0.0479852,0.00452139,0.947493
id23167,0.00883557,0.00156798,0.989596
id10393,2.8401e-05,0.999885,8.68446e-05
id01171,0.980034,0.0142259,0.00573993
id06380,0.989649,0.00700016,0.0033506
id22686,0.425818,0.00379794,0.570384
id26250,0.377816,0.00928976,0.612894
id09315,0.0666332,0.839824,0.0935431
id00886,0.0530907,0.869197,0.0777128
id03101,0.874721,0.0897874,0.0354913
id12367,0.658794,0.00920364,0.332003
id10770,0.867277,0.0140373,0.118686
id14949,0.0134288,0.982649,0.00392193
id14141,0.17693,0.792079,0.0309908
id25417,0.713814,0.210299,0.0758865
id26873,0.638609,0.0656378,0.295753
id10818,0.145985,0.0103787,0.843636
id15146,0.976678,0.00161105,0.0217115
id23328,0.961299,0.0228068,0.0158947
id16765,0.502534,0.340589,0.156877
id24383,0.809402,0.00412985,0.186468
id21304,0.821184,0.163388,0.0154287
id12551,0.0969956,0.860994,0.0420101
id23274,0.1442,0.130203,0.725596
id08117,0.943122,0.0189553,0.037923
id23961,0.922378,0.00612251,0.0714998
id13865,0.0166278,0.972756,0.0106159
id22807,0.295498,0.189561,0.514941
id08951,0.027182,0.0033563,0.969462
id18684,0.998779,0.00046422,0.000756349
id25179,0.187672,0.709399,0.102929
id27033,0.614044,0.0768795,0.309076
id13977,0.011353,0.965086,0.0235606
id19337,0.000765733,0.944329,0.0549054
id25764,0.0128034,0.958017,0.0291792
id16106,0.259851,0.0630628,0.677086
id05468,0.0502653,0.00163425,0.9481
id05241,0.970359,0.000347206,0.0292941
id10215,0.668718,0.0286546,0.302627
id23457,0.0262512,0.183946,0.789803
id02200,0.86388,0.0857353,0.0503849
id13714,0.0578619,0.909678,0.0324602
id20332,0.00585551,0.00366373,0.990481
id18573,0.0429223,0.176958,0.78012
id08569,0.813455,0.05826,0.128285
id22767,0.061596,0.922968,0.0154359
id25390,0.182621,0.790323,0.0270558
id09288,0.971746,0.00397221,0.0242817
id12381,0.985861,0.00368072,0.0104582
id02895,0.00864965,0.024841,0.966509
id25270,0.0124526,0.00561692,0.98193
id14248,0.207462,0.00957946,0.782959
id12831,0.720813,0.0150331,0.264154
id18305,0.888928,0.00594819,0.105124
id07805,0.735006,0.241878,0.0231161
id14027,0.123141,0.0708488,0.80601
id02760,0.970651,0.025884,0.00346529
id24362,0.999315,0.000401787,0.000283662
id17065,0.177996,0.787871,0.0341328
id26583,0.0170069,0.763504,0.219489
id19664,0.289041,0.679595,0.0313637
id25145,0.986336,0.0073163,0.00634788
id17858,0.0721814,0.921078,0.0067402
id05148,0.104763,0.183574,0.711664
id22928,0.953014,0.0352721,0.0117143
id21549,0.539156,0.0179141,0.44293
id12649,0.186716,0.811013,0.00227111
id21597,0.987785,0.00570892,0.00650569
id27945,0.804855,0.0534364,0.141708
id00243,0.990273,0.00010819,0.00961863
id02745,0.237868,0.0411668,0.720965
id23550,0.00469839,0.000891994,0.99441
id13023,0.0014672,4.94387e-05,0.998483
id24796,0.0915231,0.0814762,0.827001
id12284,0.498854,0.414602,0.0865442
id02664,0.00107416,0.993912,0.00501341
id23767,0.742063,0.129464,0.128473
id05859,0.0109722,0.946395,0.0426324
id14350,0.397922,0.0598696,0.542208
id01191,0.0689051,0.602546,0.328549
id17034,0.930517,0.0104719,0.0590112
id25292,0.564826,0.403324,0.03185
id22121,0.999271,0.000433512,0.000295159
id20872,0.999978,1.90807e-05,3.28014e-06
id17720,0.139638,0.765528,0.0948341
id22658,0.102027,0.882693,0.0152801
id09567,0.791968,0.160541,0.0474911
id16445,0.992291,0.00536961,0.00233912
id08349,0.0901122,0.14282,0.767068
id27437,0.0141103,0.106601,0.879289
id03812,0.931038,0.045923,0.0230389
id22304,0.872546,0.0903031,0.0371511
id04449,0.831579,0.133607,0.0348139
id15605,0.208957,0.0907225,0.700321
id01768,0.898503,0.0374183,0.0640787
id20019,0.0866016,0.676464,0.236934
id09593,0.00275447,0.932547,0.0646985
id23179,0.617453,0.0173842,0.365163
id21279,0.767534,0.0431122,0.189354
id06711,0.00139735,0.000555142,0.998047
id14243,0.00925522,0.984456,0.00628831
id04839,0.000148315,0.00663106,0.993221
id17220,0.0155981,0.956868,0.0275342
id24177,0.568025,0.100719,0.331256
id20512,0.0548812,0.00966912,0.93545
id14036,0.00252473,0.995392,0.0020833
id25001,0.0539764,0.0106272,0.935396
id06175,0.00670008,0.960941,0.0323587
id24720,0.221651,0.703455,0.0748942
id08070,0.493241,0.474227,0.0325322
id18934,0.947959,0.0252584,0.0267827
id01338,0.874276,0.00564817,0.120076
id19008,0.0459737,0.877879,0.0761468
id19632,0.269861,0.296375,0.433763
id26224,0.0114967,0.224172,0.764331
id08219,0.910488,0.00263179,0.0868806
id24008,0.000165041,0.000192769,0.999642
id12475,0.173579,0.722033,0.104388
id05766,0.041073,0.008377,0.95055
id27386,1.15708e-05,0.999874,0.00011456
id12476,0.00112644,0.997727,0.00114655
id08311,0.923545,0.0687926,0.00766249
id04996,0.834418,0.164175,0.00140686
id17350,0.196997,0.793152,0.00985129
id05546,0.0129206,0.977671,0.00940835
id16504,0.48614,0.49193,0.0219299
id05782,1.67111e-05,1.10719e-05,0.999972
id20560,0.953309,0.00695505,0.0397358
id14171,0.015918,0.0368723,0.94721
id27461,0.159569,0.00762214,0.832809
id03581,0.211267,0.0105322,0.778201
id21847,0.0657615,0.0243156,0.909923
id11712,0.801478,0.0324055,0.166116
id26738,0.00569672,0.00495113,0.989352
id13668,0.982294,0.0143618,0.00334426
id15114,0.969893,0.0138209,0.0162863
id20130,0.885485,0.0210001,0.0935148
id18331,0.613584,0.0190531,0.367363
id24465,0.998771,0.000187824,0.00104152
id13539,0.465958,0.354009,0.180033
id27564,0.0114525,0.952684,0.0358638
id26043,0.00746061,0.000229294,0.99231
id04965,1.81451e-08,4.29143e-08,1.0
id08645,0.049314,0.0277024,0.922984
id26610,0.755653,0.00628389,0.238063
id21737,0.255877,0.528946,0.215177
id25784,0.00735517,0.957652,0.0349927
id23030,0.871244,0.0297521,0.0990038
id16450,0.00104613,0.995993,0.00296109
id02161,0.870663,0.00438628,0.124951
id25535,0.89806,0.0198297,0.0821105
id16566,0.966645,0.000865649,0.0324896
id05714,0.992477,0.00524581,0.00227729
id16524,0.894596,0.0834511,0.0219528
id23941,0.00248876,0.876471,0.12104
id00831,0.0312681,0.213058,0.755674
id18145,0.493787,0.0622218,0.443991
id17227,0.998945,5.44707e-05,0.00100026
id09417,0.833136,0.0139253,0.152939
id21307,0.746652,0.202075,0.0512726
id05650,0.0139081,0.980233,0.00585886
id23901,0.979211,0.0149482,0.00584047
id05831,0.976002,0.0163466,0.00765137
id16708,0.107145,0.887617,0.00523783
id02281,0.041013,0.167402,0.791585
id11599,0.590043,0.0515706,0.358387
id18353,0.00160348,0.991417,0.00697961
id07413,0.429733,0.482905,0.0873621
id15653,0.000434457,0.99924,0.000325747
id09715,0.00884197,0.00184777,0.98931
id05108,0.343715,0.621186,0.0350984
id09537,0.670356,0.0271656,0.302478
id27596,0.993698,0.00549452,0.000807383
id24255,0.0403431,0.00293291,0.956724
id05080,0.00017486,3.49527e-05,0.99979
id09484,0.93299,0.00627299,0.0607372
id14864,0.00277942,4.40765e-05,0.997177
id26836,0.955053,0.0339567,0.0109899
id07003,0.839075,0.112172,0.0487535
id13750,3.08875e-07,0.999995,4.2526e-06
id21799,0.0561546,0.205288,0.738558
id11285,0.999985,4.70976e-06,1.06069e-05
id04735,0.785456,0.17899,0.0355539
id23049,0.000943316,0.0192516,0.979805
id05826,0.387072,0.571792,0.0411357
id17916,0.348496,0.608277,0.0432278
id14081,0.184108,0.00191718,0.813975
id10527,0.0470518,0.00167091,0.951277
id16059,0.0346715,0.942008,0.0233208
id25542,0.964069,0.0336154,0.00231538
id05402,0.000244487,0.000169644,0.999586
id01927,0.855864,0.026005,0.118131
id27656,0.363231,0.0972612,0.539508
id06708,0.254298,0.625362,0.120341
id03524,0.82658,0.110068,0.0633518
id12297,0.88167,0.0372181,0.0811118
id03439,0.952787,0.0385793,0.00863403
id04587,0.00377192,0.971498,0.0247306
id25470,0.0173895,0.979617,0.00299333
id01212,0.393971,0.570091,0.0359374
id13932,0.826094,0.0697388,0.104167
id00124,0.0242259,0.00199783,0.973776
id01592,0.94997,0.0324252,0.0176048
id13461,0.121746,0.550211,0.328043
id24681,0.0294664,0.906155,0.0643782
id23245,0.184434,0.0183744,0.797192
id14073,0.522566,0.0550223,0.422412
id05172,0.911458,0.0157154,0.0728265
id21979,0.796841,0.00169149,0.201467
id00328,0.925851,0.000474002,0.0736747
id26102,0.934588,0.0120085,0.0534032
id14867,0.19079,0.0225586,0.786651
id27544,0.045873,0.949136,0.0049909
id16228,0.888173,0.0116106,0.100217
id16342,0.841005,0.134892,0.024103
id24933,0.945227,0.0140119,0.0407608
id04601,0.80624,0.0888477,0.104912
id01599,0.0434489,0.913396,0.043155
id06238,0.89252,0.103918,0.00356217
id06826,0.139588,0.501112,0.359299
id23307,0.904045,0.0778545,0.0181004
id13575,0.963689,0.0210871,0.0152238
id24174,0.753359,0.00305612,0.243585
id19534,0.00410588,0.0120692,0.983825
id19602,0.0112299,0.0023746,0.986396
id26962,0.0183985,0.943094,0.0385072
id04448,0.0196343,0.979818,0.000547465
id09786,0.430826,0.437762,0.131413
id25240,0.4578,0.46859,0.0736106
id14893,0.901583,0.0891197,0.00929675
id24221,0.877909,0.116414,0.0056776
id04696,0.787898,0.00240516,0.209697
id15153,0.0966682,0.770154,0.133178
id13882,2.33612e-05,0.999617,0.000359915
id17836,0.464793,0.507454,0.0277529
id00574,0.0253163,0.929853,0.0448304
id02078,0.0461834,0.834981,0.118835
id21206,0.0851168,0.876922,0.0379609
id20084,0.791435,0.0173746,0.19119
id26598,0.0277559,0.00322019,0.969024
id06838,0.375142,0.00171532,0.623143
id08786,0.00497684,0.0201612,0.974862
id09550,0.110522,0.0133778,0.876101
id10206,0.960648,0.00121534,0.0381362
id21113,0.909736,0.00873825,0.0815254
id21151,0.688665,0.247413,0.063922
id02692,0.975506,0.0137283,0.0107662
id26446,0.99025,0.00473609,0.00501408
id07377,0.839693,0.124334,0.035972
id15998,0.855204,0.088551,0.0562456
id19637,0.979994,0.00290387,0.0171025
id19735,0.0258899,0.963322,0.0107878
id13739,0.107151,0.0543485,0.8385
id25175,0.842839,0.0732749,0.0838861
id00563,0.0744556,0.0444807,0.881064
id09982,0.981551,0.0039807,0.0144684
id15459,8.84079e-07,0.999998,1.50954e-06
id20785,0.00269692,0.000383642,0.99692
id07145,0.00236243,0.168534,0.829104
id22204,0.17397,0.815265,0.0107653
id09285,0.914645,0.00422719,0.0811282
id18157,0.000129572,4.13654e-05,0.999829
id12134,0.0123871,0.00499354,0.982619
id23914,0.9982,0.000747887,0.00105244
id10483,0.97055,0.0283691,0.00108094
id07092,0.996648,0.00105851,0.00229357
id14786,0.15267,0.522132,0.325197
id25741,0.936098,0.000965652,0.0629364
id09050,0.0460244,0.941945,0.0120303
id04938,0.673479,0.0579783,0.268543
id05901,0.90696,0.0631441,0.0298956
id16975,0.0470365,0.93492,0.0180435
id08547,0.0316345,0.00404535,0.96432
id16355,0.981916,0.00176921,0.016315
id14568,0.944687,0.00521947,0.0500935
id25599,0.0547043,0.407578,0.537717
id01670,0.00858385,0.986894,0.00452198
id23945,0.0400561,0.954316,0.00562755
id17394,0.0491293,0.00552587,0.945345
id06501,0.0396914,0.923844,0.0364643
id26234,0.0379697,0.892226,0.069804
id21280,0.0759396,0.0032497,0.920811
id20048,0.0101253,0.122933,0.866942
id01216,0.291624,0.297695,0.410681
id25320,0.97867,0.00543425,0.0158956
id22833,0.0641107,0.115741,0.820148
id22056,0.377733,0.596057,0.0262096
id02275,0.00124684,0.992255,0.00649815
id26127,0.648251,0.00307571,0.348673
id17011,0.014796,0.976935,0.00826915
id13847,0.973621,0.00762326,0.0187552
id00013,0.00627241,0.990712,0.00301612
id16463,0.926651,0.0653955,0.00795372
id04845,0.211839,0.763165,0.0249958
id01787,0.0438313,0.214124,0.742045
id08637,0.894142,0.0408464,0.0650117
id11414,0.0133902,0.00116776,0.985442
id13177,0.0471434,0.257848,0.695009
id24517,0.964685,0.030123,0.00519152
id26838,0.865314,0.0142095,0.120477
id23081,0.000563467,0.998486,0.000950886
id16327,0.0603967,0.919981,0.0196218
id27282,0.0794425,0.882544,0.0380139
id07489,0.610579,0.0241223,0.365299
id01718,0.00204132,0.00050151,0.997457
id15441,0.940889,0.0391746,0.0199366
id27736,0.0216415,0.912519,0.0658395
id16324,0.00715549,0.122335,0.870509
id12027,0.0748731,0.203361,0.721766
id24653,0.0160606,0.982013,0.00192676
id17541,0.310862,0.0529175,0.636221
id22406,0.0249172,0.736673,0.23841
id18356,0.858292,0.107878,0.0338305
id04505,0.896161,0.0184813,0.0853575
id04246,0.785596,0.0702455,0.144158
id07368,0.352786,0.392683,0.254531
id26185,0.00941879,0.00941272,0.981169
id08878,0.0566857,0.358682,0.584633
id27691,0.015976,0.000865997,0.983158
id18004,0.903524,0.0332703,0.0632059
id24426,0.495684,0.164168,0.340147
id14164,0.99749,0.00118596,0.00132386
id12653,0.00794995,0.97313,0.0189205
id18060,0.681152,0.0144695,0.304379
id18556,0.800448,0.0340566,0.165495
id27371,0.064112,0.0147636,0.921124
id11989,0.265769,0.383739,0.350491
id26095,0.906589,0.0841246,0.00928605
id24978,0.277375,0.152828,0.569798
id20322,0.720587,0.0132642,0.266149
id01954,0.952424,0.0205888,0.0269873
id07434,0.135313,0.168662,0.696026
id18144,0.0401732,0.0200586,0.939768
id16250,0.118149,0.872712,0.00913874
id17793,0.0265265,0.0340321,0.939441
id24067,0.0339642,0.00221165,0.963824
id13891,0.0359239,0.000223225,0.963853
id07334,0.0603599,0.89655,0.0430903
id15633,0.00545069,0.961655,0.0328939
id23239,0.803935,0.0150793,0.180985
id10674,0.230934,0.184414,0.584652
id22093,0.503057,0.457517,0.0394258
id08444,0.251349,0.425979,0.322672
id03257,0.175465,0.160168,0.664367
id10040,0.590348,0.350349,0.0593031
id04902,0.00170712,8.60657e-05,0.998207
id01219,0.863556,0.111481,0.0249629
id01340,0.997482,0.00175819,0.000760028
id05117,0.00208017,0.996372,0.00154793
id04908,0.17687,0.0102329,0.812897
id03626,0.0279778,0.00838414,0.963638
id01888,0.981959,0.013543,0.00449778
id17199,0.096261,0.00422555,0.899513
id11200,0.0106803,0.988394,0.000925399
id27561,0.35698,0.00378003,0.63924
id20966,0.0624348,0.922673,0.014892
id10257,0.0191122,0.968534,0.012354
id21168,0.0148213,0.871939,0.11324
id23363,0.246075,0.00646862,0.747456
id05321,0.537503,0.0872175,0.37528
id09928,0.000334838,0.000216079,0.999449
id18015,0.861685,0.10821,0.0301058
id02082,0.000435317,0.999477,8.73633e-05
id19279,0.695079,0.197283,0.107638
id08541,0.661996,0.296705,0.0412996
id15249,0.0154798,0.980421,0.00409901
id03609,0.0412937,0.913406,0.0453002
id22902,0.224495,0.0297321,0.745773
id17733,0.962664,0.0259668,0.0113694
id07554,0.0179654,0.0135637,0.968471
id14120,0.845675,0.0517283,0.102596
id21802,0.0341932,0.910914,0.0548929
id15614,0.0437405,0.935091,0.0211688
id19437,0.00468712,0.00810939,0.987204
id22698,0.872321,0.124468,0.0032106
id21841,0.00284414,0.994228,0.00292796
id16177,0.781742,0.21371,0.00454778
id15887,0.0377958,0.132499,0.829705
id22629,0.694561,0.0105457,0.294894
id10346,0.990964,0.0041741,0.00486181
id05154,0.960698,0.00483146,0.0344707
id22913,0.617005,0.377432,0.00556265
id10544,0.0590034,0.20213,0.738867
id08703,0.262923,0.703952,0.0331249
id12817,0.343953,0.0164579,0.63959
id25433,0.922408,0.0447327,0.0328593
id25112,0.0936928,0.0046595,0.901648
id05054,0.0703012,0.748808,0.180891
id02311,0.0828395,0.885198,0.0319625
id22160,0.307908,0.640239,0.0518532
id17422,0.985515,0.00750616,0.00697831
id18985,0.809579,0.0563905,0.134031
id21905,0.095981,0.0132155,0.890803
id17474,0.948301,0.0267026,0.0249962
id15236,0.00304235,0.906291,0.0906667
id13964,0.808038,0.0418923,0.15007
id15962,4.50341e-05,0.999858,9.68393e-05
id20866,0.0506276,0.0629238,0.886449
id06625,0.0563758,0.0472672,0.896357
id09793,0.574862,0.0538304,0.371308
id17365,0.0201713,0.955275,0.0245531
id18463,0.193445,0.649849,0.156706
id20693,0.102121,0.675927,0.221952
id08785,0.00182374,0.99596,0.00221662
id06783,0.0134,0.97807,0.00852962
id23178,0.105109,0.0165067,0.878385
id13513,0.00377044,0.992103,0.00412691
id25361,0.00763539,0.0111539,0.981211
id22319,0.796875,0.0605681,0.142557
id14024,0.539909,0.016312,0.443779
id24186,0.0693619,0.91855,0.0120885
id20965,0.998829,0.000519949,0.000650623
id06242,0.0491794,0.0102346,0.940586
id25665,0.0118073,0.0939132,0.894279
id09706,0.631389,0.106146,0.262464
id11026,0.000441636,0.995621,0.00393732
id04223,0.971579,0.0126488,0.0157724
id19674,0.0622848,0.914923,0.0227926
id23420,0.0105627,0.402622,0.586815
id18059,0.0163396,0.982276,0.00138422
id22576,0.983989,0.00957002,0.00644065
id18495,6.27129e-05,0.999651,0.000286481
id14139,0.994578,0.00242539,0.00299693
id18313,0.0536328,0.923359,0.0230082
id27356,0.941679,0.0361488,0.0221727
id16035,0.386434,0.0716108,0.541955
id04182,0.422609,0.493832,0.0835591
id15667,0.904187,0.0613494,0.034464
id08713,0.935045,0.0395082,0.0254471
id25563,0.000637039,0.998156,0.00120639
id17023,0.998916,0.000727001,0.000357519
id03014,0.00546366,0.888171,0.106365
id23812,0.000875878,0.998842,0.000281808
id20057,0.0176777,0.220845,0.761477
id12385,0.880499,0.053501,0.0659997
id24416,0.612638,0.367478,0.0198837
id15672,0.00763824,0.963474,0.0288874
id13868,0.29317,0.672636,0.0341944
id21095,0.0212685,0.0109931,0.967738
id05305,0.662248,0.199438,0.138313
id15384,0.0801768,0.0847386,0.835085
id14049,0.00574635,0.000227719,0.994026
id23441,0.780571,0.147878,0.0715517
id12856,0.560359,0.0417793,0.397861
id16055,0.0132172,0.0169813,0.969802
id24771,0.830475,0.102976,0.0665496
id14053,0.822713,0.0143121,0.162975
id19547,0.0121694,0.229053,0.758778
id03639,0.181897,0.626069,0.192034
id14546,0.556369,0.274791,0.168841
id13935,0.682257,0.190626,0.127117
id20335,0.0363868,0.948937,0.0146765
id07301,0.208593,0.387467,0.40394
id10186,0.943404,0.00226344,0.0543326
id00192,0.664865,0.243074,0.0920603
id17851,0.983247,0.00562685,0.0111264
id08403,0.398391,0.491543,0.110067
id06183,0.613437,0.0799266,0.306637
id24738,0.130202,0.790128,0.0796701
id15112,0.977054,0.000467807,0.0224781
id19819,0.0048379,0.00252523,0.992637
id17722,0.00163999,0.00281789,0.995542
id24273,0.00255544,0.87465,0.122794
id18939,0.0293079,0.0351525,0.93554
id16076,0.577843,0.401046,0.0211103
id23158,0.0260119,0.0322685,0.94172
id12745,0.839094,0.0165183,0.144387
id22538,0.173663,0.528459,0.297878
id14975,0.137948,0.83671,0.0253413
id27537,0.728513,0.183455,0.0880317
id06632,0.189176,0.00504564,0.805778
id08100,0.0915067,0.900595,0.00789841
id00843,0.989266,0.00229626,0.00843795
id22159,0.0780369,0.00293501,0.919028
id18672,0.815274,0.00119184,0.183535
id06916,0.515245,0.45623,0.0285254
id22212,0.190799,0.0828139,0.726387
id00273,0.153084,0.00974636,0.83717
id26325,0.50091,0.467565,0.0315243
id23683,0.0954681,0.884183,0.0203491
id14419,0.00342947,0.935619,0.0609518
id11931,8.60012e-06,0.999981,1.06271e-05
id00568,0.0191809,0.966151,0.0146686
id12271,0.931123,0.0294968,0.0393801
id12622,0.983766,0.0142883,0.00194588
id03156,0.0940192,0.728675,0.177306
id25592,0.95212,0.0465815,0.00129867
id24367,0.956595,0.0144093,0.0289961
id16007,0.3886,0.133122,0.478279
id04785,0.918294,0.0280359,0.0536697
id07888,0.0749689,0.455097,0.469934
id13557,0.561597,0.357863,0.0805399
id20726,0.942301,0.00103764,0.0566616
id09580,0.983039,0.00208499,0.014876
id05173,0.000468048,0.999144,0.000387605
id10394,0.00128653,0.996735,0.00197863
id03926,0.039764,0.866378,0.0938578
id07264,0.992315,9.43553e-05,0.00759068
id01862,0.0592107,0.922225,0.0185639
id20808,0.0110878,0.979402,0.00951034
id26658,0.551554,0.0120485,0.436398
id04479,0.424897,0.335438,0.239665
