id,EAP,HPL,MWS
id02310,0.281387,0.232988,0.485626
id24541,0.454691,0.333691,0.211617
id00134,0.218042,0.539699,0.242259
id27757,0.447461,0.306403,0.246136
id04081,0.446802,0.200151,0.353047
id27337,0.407884,0.356145,0.235971
id24265,0.763483,0.128256,0.108261
id25917,0.353516,0.344404,0.30208
id04951,0.535321,0.298879,0.165799
id14549,0.709188,0.155917,0.134895
id22505,0.305158,0.399921,0.294921
id24002,0.230339,0.334832,0.434829
id18982,0.17311,0.178518,0.648372
id15181,0.319823,0.413215,0.266961
id21888,0.665805,0.200219,0.133976
id12035,0.251403,0.0898875,0.65871
id17991,0.456882,0.170644,0.372474
id10707,0.674992,0.176186,0.148822
id07101,0.488002,0.223817,0.288182
id00345,0.591057,0.24146,0.167484
id05912,0.517809,0.218199,0.263993
id13443,0.314896,0.420251,0.264854
id09248,0.454458,0.261501,0.284041
id17542,0.396646,0.279639,0.323714
id06995,0.511051,0.246927,0.242022
id25159,0.350655,0.215146,0.434199
id25729,0.480798,0.262498,0.256703
id26949,0.575914,0.25871,0.165377
id27191,0.243101,0.130808,0.626092
id07668,0.320002,0.208475,0.471523
id02230,0.34499,0.308784,0.346226
id15553,0.589104,0.226693,0.184203
id25688,0.21936,0.457696,0.322945
id17545,0.393968,0.345419,0.260613
id13929,0.408369,0.250847,0.340784
id12880,0.355473,0.361868,0.282659
id19282,0.44996,0.218567,0.331473
id14690,0.169881,0.220202,0.609917
id17975,0.569985,0.228183,0.201832
id08037,0.703472,0.149671,0.146857
id15412,0.498403,0.149714,0.351883
id25032,0.466271,0.214897,0.318832
id27165,0.560041,0.224415,0.215544
id03327,0.393068,0.359998,0.246934
id18515,0.490792,0.295229,0.213978
id21003,0.319579,0.336059,0.344363
id23855,0.208256,0.471717,0.320028
id20724,0.552373,0.178605,0.269022
id13303,0.453526,0.284355,0.262119
id16521,0.36912,0.396642,0.234238
id20775,0.699154,0.170168,0.130677
id13029,0.431001,0.307373,0.261626
id14660,0.447166,0.243049,0.309785
id11028,0.192475,0.101633,0.705892
id14180,0.640277,0.213165,0.146559
id25860,0.468257,0.313324,0.218419
id11910,0.415885,0.181577,0.402539
id08065,0.21044,0.290026,0.499534
id22674,0.327379,0.358215,0.314406
id25018,0.465312,0.24483,0.289858
id10892,0.326928,0.437409,0.235663
id10217,0.393564,0.331384,0.275052
id12996,0.438895,0.153238,0.407867
id18262,0.44499,0.28062,0.274391
id08606,0.377136,0.347866,0.274999
id17233,0.469564,0.275919,0.254518
id00101,0.427602,0.352438,0.21996
id12225,0.520098,0.266262,0.213639
id01364,0.423056,0.389841,0.187103
id24973,0.441702,0.161349,0.396949
id25363,0.364534,0.153352,0.482115
id10061,0.430192,0.221962,0.347846
id17673,0.356622,0.333729,0.309649
id13249,0.373879,0.31306,0.31306
id10107,0.388555,0.23542,0.376024
id04403,0.440153,0.299148,0.2607
id25728,0.373999,0.322127,0.303874
id16184,0.304666,0.315933,0.379402
id03438,0.381365,0.211048,0.407587
id22923,0.321531,0.442583,0.235886
id08610,0.685673,0.168176,0.146151
id25355,0.260899,0.308152,0.430949
id16916,0.362108,0.426854,0.211037
id12793,0.358859,0.343394,0.297748
id11859,0.568833,0.21813,0.213037
id02434,0.545127,0.265335,0.189538
id27703,0.258561,0.10895,0.63249
id25212,0.276596,0.493241,0.230164
id11308,0.424054,0.209778,0.366168
id26094,0.477474,0.295675,0.226851
id22080,0.522272,0.307228,0.1705
id03545,0.592515,0.228704,0.178781
id23725,0.294262,0.398488,0.30725
id12009,0.520487,0.245989,0.233524
id24241,0.466374,0.265622,0.268004
id03596,0.323928,0.447824,0.228249
id10749,0.336685,0.378215,0.285101
id22794,0.21398,0.310752,0.475268
id15482,0.346189,0.329737,0.324074
id04833,0.357071,0.333334,0.309595
id00397,0.383226,0.277083,0.33969
id14691,0.35225,0.372206,0.275544
id05193,0.461966,0.246208,0.291826
id19541,0.446915,0.336461,0.216624
id22166,0.217378,0.157127,0.625495
id20744,0.184028,0.0949678,0.721004
id10392,0.226406,0.383943,0.389651
id00770,0.633187,0.193967,0.172846
id06018,0.597026,0.218573,0.184401
id15678,0.432662,0.223891,0.343447
id08305,0.483841,0.275387,0.240772
id08903,0.230033,0.155691,0.614276
id14752,0.421347,0.327859,0.250794
id12468,0.331059,0.418902,0.250039
id05085,0.453193,0.331791,0.215017
id21993,0.398985,0.227421,0.373594
id15503,0.409993,0.287461,0.302546
id03021,0.323708,0.433927,0.242365
id16123,0.430023,0.345639,0.224338
id19383,0.364764,0.373502,0.261735
id04186,0.463871,0.202145,0.333984
id17954,0.242504,0.293083,0.464414
id12030,0.273338,0.0974622,0.6292
id13020,0.362059,0.371669,0.266272
id25327,0.260745,0.389338,0.349917
id16344,0.391584,0.313498,0.294918
id12303,0.499233,0.224209,0.276558
id15017,0.576231,0.263189,0.160581
id22308,0.309714,0.337326,0.35296
id06536,0.327579,0.377371,0.295051
id19797,0.402604,0.274151,0.323245
id06332,0.414144,0.324934,0.260921
id22941,0.217837,0.345958,0.436205
id13547,0.232642,0.34439,0.422968
id06928,0.301268,0.119675,0.579057
id12521,0.352268,0.358148,0.289584
id25716,0.4022,0.154077,0.443723
id27116,0.266344,0.193784,0.539872
id19941,0.526707,0.302722,0.170571
id05711,0.267185,0.143646,0.589169
id02097,0.300993,0.352674,0.346332
id03563,0.331355,0.42564,0.243005
id02295,0.520316,0.288154,0.19153
id08179,0.345161,0.30126,0.353579
id05332,0.36269,0.357976,0.279333
id15697,0.366102,0.342788,0.291111
id17026,0.500271,0.246014,0.253715
id04243,0.429951,0.324518,0.245531
id13175,0.287905,0.328774,0.383322
id05387,0.425552,0.323782,0.250665
id19989,0.417915,0.324541,0.257544
id25173,0.276324,0.281795,0.44188
id08925,0.555183,0.272351,0.172465
id03034,0.354675,0.333241,0.312085
id13272,0.271511,0.478843,0.249647
id07956,0.271394,0.187024,0.541582
id02648,0.296735,0.253511,0.449754
id01778,0.25624,0.297919,0.445841
id12846,0.370072,0.195558,0.43437
id19001,0.418681,0.257844,0.323475
id05763,0.400716,0.359046,0.240238
id15590,0.268362,0.18843,0.543209
id04912,0.437775,0.251854,0.310372
id21201,0.524326,0.292276,0.183398
id13215,0.724085,0.100842,0.175073
id15612,0.368337,0.366785,0.264878
id18501,0.399503,0.358136,0.242361
id07223,0.500044,0.215329,0.284627
id06707,0.288858,0.378798,0.332344
id05238,0.30824,0.48427,0.20749
id00935,0.317385,0.367466,0.315149
id00110,0.362081,0.250265,0.387653
id17476,0.456129,0.250777,0.293095
id15170,0.484084,0.315372,0.200544
id13397,0.298184,0.228774,0.473042
id24283,0.574389,0.265696,0.159915
id15234,0.664337,0.207938,0.127725
id16884,0.28415,0.410352,0.305498
id07831,0.455112,0.237574,0.307315
id16038,0.53361,0.234928,0.231462
id03629,0.541256,0.253183,0.205561
id21019,0.581395,0.233448,0.185156
id21835,0.31611,0.330596,0.353294
id04480,0.398918,0.386984,0.214098
id20838,0.524734,0.199058,0.276208
id24195,0.526263,0.228159,0.245578
id05448,0.496085,0.302514,0.2014
id15957,0.38679,0.352057,0.261152
id19956,0.2387,0.0888961,0.672403
id15104,0.285542,0.271396,0.443062
id17559,0.380672,0.310541,0.308788
id16839,0.335116,0.321138,0.343746
id14493,0.460929,0.242707,0.296364
id08833,0.562998,0.227604,0.209399
id15723,0.381162,0.172298,0.44654
id02716,0.555006,0.186208,0.258787
id06689,0.434945,0.339201,0.225854
id18837,0.272295,0.161847,0.565858
id04466,0.497601,0.263833,0.238566
id00686,0.421645,0.3382,0.240155
id09010,0.325434,0.400112,0.274454
id23353,0.76933,0.0981935,0.132476
id00066,0.443599,0.273192,0.283209
id15724,0.488106,0.262548,0.249346
id23486,0.298975,0.35457,0.346455
id22258,0.244277,0.209698,0.546026
id02292,0.497031,0.211128,0.29184
id16356,0.508686,0.247646,0.243669
id00235,0.376874,0.281038,0.342088
id25522,0.266397,0.296837,0.436766
id04204,0.34851,0.369858,0.281632
id22016,0.463467,0.192549,0.343984
id06480,0.439001,0.405949,0.15505
id08718,0.303034,0.0866401,0.610326
id05251,0.306188,0.476958,0.216854
id03359,0.365298,0.286703,0.347999
id16117,0.351871,0.206123,0.442006
id17000,0.241965,0.515135,0.2429
id01730,0.353165,0.379467,0.267368
id00630,0.713207,0.177423,0.109371
id18175,0.36822,0.220374,0.411406
id00907,0.470947,0.285494,0.243559
id18251,0.265961,0.479441,0.254598
id25861,0.385401,0.330195,0.284404
id00398,0.416612,0.335285,0.248104
id27573,0.56975,0.218004,0.212245
id10022,0.277318,0.35422,0.368461
id15901,0.441211,0.212671,0.346118
id00451,0.2697,0.346089,0.384211
id23129,0.394433,0.336867,0.268701
id26498,0.462636,0.299501,0.237862
id14741,0.458176,0.314589,0.227234
id18453,0.273454,0.193746,0.5328
id08309,0.393461,0.343813,0.262727
id00320,0.70484,0.154798,0.140362
id07688,0.364351,0.322053,0.313596
id01556,0.291207,0.285313,0.42348
id00178,0.407514,0.30812,0.284365
id18902,0.220164,0.395292,0.384544
id27002,0.399464,0.347896,0.25264
id21418,0.4729,0.302498,0.224602
id23018,0.308457,0.319578,0.371965
id07032,0.284326,0.148493,0.56718
id16195,0.356979,0.351118,0.291902
id11202,0.351567,0.419605,0.228828
id09578,0.512924,0.187315,0.299761
id26984,0.540815,0.189092,0.270094
id19856,0.373047,0.415837,0.211116
id12086,0.484676,0.277475,0.237849
id12052,0.326669,0.22241,0.45092
id17728,0.246318,0.34445,0.409233
id24608,0.331718,0.318004,0.350278
id21097,0.249577,0.364,0.386423
id20179,0.295033,0.397509,0.307458
id15144,0.416876,0.193482,0.389643
id00206,0.51634,0.300965,0.182695
id22285,0.454255,0.28763,0.258116
id06417,0.407458,0.307609,0.284933
id00215,0.414642,0.365795,0.219563
id04201,0.368613,0.325203,0.306184
id21771,0.535478,0.186928,0.277593
id12451,0.318309,0.393882,0.287809
id14250,0.270882,0.390008,0.33911
id03433,0.39781,0.305389,0.2968
id03303,0.295455,0.230876,0.473669
id25901,0.282492,0.400452,0.317056
id06945,0.416895,0.31392,0.269185
id05664,0.556078,0.206182,0.237739
id05741,0.613835,0.175266,0.210899
id10652,0.737554,0.160753,0.101693
id16300,0.464179,0.298414,0.237407
id12319,0.485883,0.24306,0.271056
id07500,0.285827,0.454648,0.259525
id12478,0.413528,0.30563,0.280842
id03076,0.231572,0.147529,0.620899
id00969,0.404886,0.299521,0.295593
id23636,0.381105,0.401258,0.217638
id09791,0.291709,0.406683,0.301608
id05680,0.303925,0.4519,0.244176
id03672,0.272662,0.370004,0.357334
id04286,0.162309,0.534719,0.302972
id23883,0.393816,0.368074,0.23811
id11914,0.422833,0.128203,0.448963
id20974,0.428627,0.372292,0.199081
id26125,0.528715,0.247522,0.223762
id15543,0.324972,0.153307,0.52172
id19471,0.479838,0.257479,0.262682
id11503,0.386084,0.337547,0.276368
id09321,0.288922,0.412197,0.298881
id25560,0.190736,0.355898,0.453365
id06726,0.324253,0.363821,0.311926
id05709,0.388033,0.148905,0.463062
id09788,0.288276,0.391479,0.320244
id05289,0.595243,0.223725,0.181032
id11815,0.366589,0.425643,0.207769
id22422,0.438622,0.277344,0.284033
id25954,0.37354,0.345392,0.281068
id13601,0.435008,0.208746,0.356246
id05677,0.358859,0.35048,0.290662
id10498,0.430813,0.275047,0.29414
id02665,0.573019,0.234063,0.192918
id10114,0.34962,0.362068,0.288312
id26314,0.525715,0.244154,0.230131
id21240,0.409178,0.311171,0.279651
id15569,0.552779,0.28354,0.163681
id25928,0.443828,0.297511,0.258661
id22706,0.338949,0.426955,0.234096
id20877,0.216661,0.514158,0.269181
id04318,0.562673,0.213144,0.224183
id18299,0.552228,0.207963,0.23981
id08126,0.285193,0.337433,0.377375
id14293,0.407934,0.276284,0.315782
id12759,0.517068,0.200555,0.282377
id11983,0.354146,0.385033,0.260822
id05580,0.280057,0.454375,0.265567
id25846,0.343016,0.384738,0.272246
id01939,0.432337,0.196838,0.370825
id26327,0.405266,0.298203,0.296531
id11068,0.12997,0.104526,0.765504
id08404,0.597571,0.240664,0.161765
id27189,0.543326,0.234838,0.221836
id15119,0.247107,0.399153,0.35374
id26525,0.676919,0.141923,0.181158
id03618,0.407978,0.363991,0.228032
id27220,0.516753,0.261036,0.222212
id18777,0.318491,0.126201,0.555308
id20213,0.582207,0.20538,0.212412
id20403,0.480891,0.288479,0.230631
id03777,0.415234,0.278846,0.30592
id10595,0.345804,0.298966,0.35523
id13816,0.428547,0.291766,0.279687
id05667,0.275153,0.117342,0.607505
id24629,0.594607,0.210266,0.195127
id20398,0.299363,0.35314,0.347497
id14108,0.304922,0.215355,0.479723
id06196,0.28245,0.469623,0.247928
id02800,0.363822,0.343435,0.292743
id18732,0.267215,0.43128,0.301505
id11915,0.26491,0.459099,0.275991
id09739,0.445962,0.316685,0.237354
id24672,0.534046,0.230964,0.23499
id00414,0.183392,0.173512,0.643096
id16307,0.340702,0.378635,0.280663
id14043,0.379409,0.181753,0.438838
id00517,0.213053,0.178336,0.608611
id09744,0.430873,0.309085,0.260042
id19257,0.678381,0.160157,0.161462
id15437,0.470722,0.2923,0.236979
id16352,0.289304,0.322067,0.388629
id18849,0.398732,0.332123,0.269145
id19434,0.345241,0.475666,0.179094
id17928,0.345708,0.385132,0.26916
id16896,0.401604,0.253022,0.345374
id02135,0.242525,0.367932,0.389543
id15075,0.644656,0.222822,0.132522
id27486,0.343226,0.418381,0.238393
id19422,0.428929,0.336785,0.234286
id09603,0.357232,0.320331,0.322437
id02133,0.393532,0.379388,0.22708
id03441,0.599392,0.151345,0.249264
id02398,0.302346,0.454527,0.243127
id05152,0.381201,0.229448,0.38935
id17838,0.439455,0.19437,0.366176
id25060,0.315295,0.339934,0.344771
id09998,0.374023,0.332582,0.293394
id01828,0.310399,0.372852,0.316749
id25377,0.372087,0.307761,0.320153
id22175,0.337793,0.495788,0.166419
id02974,0.277826,0.219291,0.502883
id26955,0.491447,0.252881,0.255672
id21091,0.292199,0.194225,0.513576
id12802,0.411846,0.366719,0.221435
id07432,0.336584,0.416821,0.246595
id18749,0.299867,0.443725,0.256408
id15030,0.287098,0.214039,0.498863
id17155,0.347637,0.389035,0.263328
id08128,0.342324,0.437584,0.220092
id25706,0.329326,0.396549,0.274126
id15645,0.737156,0.129733,0.133111
id04943,0.329366,0.38455,0.286084
id27566,0.312772,0.367098,0.320129
id11765,0.278338,0.395931,0.325731
id13783,0.349268,0.358566,0.292167
id00492,0.369519,0.254607,0.375875
id27636,0.348424,0.296953,0.354623
id04273,0.359761,0.391151,0.249088
id02537,0.406091,0.157457,0.436453
id24349,0.380782,0.403878,0.21534
id00023,0.260374,0.527516,0.21211
id23025,0.364404,0.356045,0.27955
id08722,0.586677,0.148531,0.264792
id02420,0.394265,0.397633,0.208102
id10811,0.464384,0.240409,0.295207
id04019,0.34403,0.377608,0.278361
id18334,0.73017,0.153118,0.116712
id16781,0.635949,0.191691,0.172359
id08773,0.505488,0.283271,0.211241
id19214,0.613188,0.189466,0.197346
id09589,0.232121,0.560185,0.207694
id24246,0.437603,0.345672,0.216725
id23577,0.569782,0.249436,0.180782
id09305,0.523649,0.180442,0.295909
id16460,0.417765,0.331734,0.250501
id21115,0.534532,0.201741,0.263727
id25996,0.503381,0.213458,0.283161
id02551,0.328959,0.3372,0.333841
id19352,0.201405,0.202945,0.59565
id03806,0.367974,0.237887,0.39414
id26544,0.62648,0.170821,0.202699
id18761,0.368312,0.350799,0.280888
id24148,0.294371,0.481599,0.22403
id16095,0.315522,0.392951,0.291527
id18442,0.405992,0.379278,0.21473
id22596,0.184835,0.244725,0.57044
id23002,0.339915,0.279394,0.380692
id04797,0.635042,0.192663,0.172295
id06610,0.332343,0.177076,0.490581
id16173,0.382829,0.254156,0.363015
id18292,0.339155,0.276275,0.38457
id27328,0.591137,0.205503,0.20336
id01695,0.141522,0.616126,0.242352
id05761,0.340646,0.238978,0.420376
id16354,0.333082,0.159576,0.507342
id12207,0.294941,0.360384,0.344675
id05665,0.290597,0.336965,0.372438
id01911,0.567656,0.177929,0.254414
id19153,0.322268,0.233087,0.444646
id10295,0.332375,0.386051,0.281574
id23038,0.389831,0.267392,0.342777
id23783,0.34504,0.422689,0.232271
id27879,0.491858,0.325332,0.18281
id19190,0.367418,0.380287,0.252295
id05065,0.291987,0.285348,0.422664
id21296,0.404714,0.393814,0.201472
id13262,0.286867,0.368714,0.344419
id10333,0.476225,0.303094,0.220682
id16677,0.515305,0.27291,0.211785
id01392,0.332964,0.310951,0.356085
id27874,0.711687,0.146442,0.141871
id02294,0.465263,0.264671,0.270066
id18298,0.436286,0.295989,0.267725
id06997,0.539159,0.224927,0.235914
id05243,0.421124,0.313521,0.265355
id00860,0.389119,0.401564,0.209317
id26681,0.389974,0.303848,0.306178
id06020,0.399073,0.290653,0.310274
id27683,0.403102,0.340423,0.256475
id17655,0.458817,0.310226,0.230957
id08817,0.301002,0.285443,0.413555
id11512,0.218384,0.297287,0.484328
id00478,0.504949,0.223541,0.27151
id02116,0.478207,0.288707,0.233086
id06746,0.296069,0.277678,0.426253
id03863,0.463668,0.274307,0.262025
id01802,0.314033,0.295314,0.390653
id11682,0.411793,0.265429,0.322778
id04033,0.356758,0.395504,0.247738
id09286,0.313888,0.361742,0.32437
id12904,0.563364,0.177945,0.258692
id07420,0.271044,0.360961,0.367994
id22398,0.303945,0.464264,0.231791
id00424,0.282555,0.280004,0.437442
id20960,0.51304,0.290388,0.196571
id10267,0.487078,0.26297,0.249952
id19330,0.399604,0.330386,0.270009
id00994,0.237724,0.461718,0.300558
id10785,0.345424,0.238733,0.415843
id00955,0.353087,0.364507,0.282406
id09757,0.284369,0.460286,0.255344
id10030,0.282938,0.304141,0.412921
id22952,0.349093,0.411933,0.238974
id21955,0.247585,0.387941,0.364473
id07674,0.261185,0.366462,0.372354
id13760,0.349391,0.343677,0.306932
id18166,0.488393,0.252556,0.25905
id23498,0.313814,0.430474,0.255712
id05296,0.548567,0.186627,0.264807
id26709,0.394526,0.3354,0.270075
id02853,0.506381,0.31756,0.176059
id06800,0.372146,0.273484,0.35437
id14758,0.44237,0.309669,0.247961
id12356,0.563659,0.248259,0.188082
id21492,0.487981,0.296096,0.215924
id27540,0.361672,0.33001,0.308317
id07376,0.330444,0.264964,0.404591
id15201,0.331598,0.362962,0.30544
id23388,0.281286,0.405414,0.3133
id13923,0.397294,0.293472,0.309235
id00794,0.241048,0.496061,0.262891
id23910,0.319167,0.250184,0.430648
id02556,0.277366,0.257133,0.4655
id22151,0.345643,0.463136,0.191221
id11698,0.408593,0.32901,0.262397
id11627,0.503276,0.300665,0.196059
id06340,0.563208,0.212663,0.224129
id05123,0.740026,0.109638,0.150336
id26620,0.228281,0.242932,0.528787
id04002,0.286797,0.393636,0.319566
id26554,0.235051,0.392432,0.372517
id18012,0.337076,0.407473,0.255452
id12964,0.244754,0.211183,0.544063
id18965,0.268759,0.388304,0.342937
id19082,0.599349,0.164868,0.235783
id26742,0.287432,0.182748,0.52982
id15442,0.390461,0.317986,0.291553
id16647,0.489305,0.160296,0.350399
id11544,0.344701,0.345164,0.310135
id20581,0.331098,0.320334,0.348568
id13192,0.426947,0.389246,0.183806
id15814,0.214548,0.26404,0.521412
id26279,0.345918,0.330698,0.323383
id00240,0.586456,0.198202,0.215342
id22836,0.521587,0.248019,0.230395
id15085,0.241988,0.52725,0.230762
id17495,0.521136,0.231973,0.246891
id26762,0.465444,0.118336,0.416219
id13685,0.70242,0.119783,0.177797
id16560,0.296956,0.468666,0.234378
id17184,0.258975,0.505332,0.235693
id21635,0.582989,0.203064,0.213948
id26751,0.279011,0.444317,0.276672
id12351,0.432983,0.32188,0.245137
id14872,0.427439,0.338977,0.233584
id18372,0.515217,0.260688,0.224095
id26851,0.492926,0.200416,0.306657
id22659,0.377316,0.30624,0.316443
id04102,0.450644,0.241904,0.307452
id02353,0.256652,0.512946,0.230402
id26721,0.484779,0.290322,0.224898
id11171,0.526039,0.248357,0.225604
id13562,0.454555,0.255652,0.289793
id26425,0.437914,0.261809,0.300277
id26394,0.445574,0.243354,0.311072
id22187,0.658911,0.154502,0.186587
id00422,0.48919,0.345055,0.165756
id22667,0.350973,0.443654,0.205373
id00911,0.427636,0.183054,0.38931
id17291,0.477235,0.175597,0.347168
id01915,0.230194,0.490658,0.279148
id01434,0.344576,0.164444,0.490979
id01584,0.604269,0.201552,0.194179
id09266,0.428593,0.301604,0.269803
id17494,0.194959,0.449828,0.355213
id24919,0.591185,0.164282,0.244533
id21043,0.345867,0.223777,0.430356
id17796,0.373897,0.41909,0.207013
id02166,0.28134,0.169302,0.549358
id17503,0.461343,0.254672,0.283985
id21203,0.520843,0.229055,0.250102
id25626,0.634332,0.211017,0.154651
id09836,0.53955,0.243453,0.216997
id24202,0.333145,0.301791,0.365064
id27260,0.552157,0.201846,0.245997
id23167,0.337743,0.29775,0.364506
id10393,0.406344,0.373991,0.219665
id01171,0.584548,0.231008,0.184444
id06380,0.481283,0.213786,0.304932
id22686,0.411193,0.243068,0.34574
id26250,0.523186,0.187586,0.289228
id09315,0.367112,0.367956,0.264932
id00886,0.292589,0.451708,0.255703
id03101,0.558625,0.260791,0.180584
id12367,0.500267,0.18762,0.312113
id10770,0.706599,0.145837,0.147564
id14949,0.436162,0.281184,0.282653
id14141,0.35871,0.416655,0.224635
id25417,0.469263,0.299855,0.230882
id26873,0.470431,0.332679,0.196889
id10818,0.389748,0.178725,0.431526
id15146,0.498011,0.236703,0.265286
id23328,0.579803,0.217473,0.202724
id16765,0.36884,0.375685,0.255475
id24383,0.404969,0.237836,0.357196
id21304,0.518979,0.323123,0.157898
id12551,0.358008,0.372486,0.269505
id23274,0.3113,0.369047,0.319653
id08117,0.525242,0.237543,0.237215
id23961,0.313894,0.17338,0.512726
id13865,0.368708,0.371987,0.259305
id22807,0.407336,0.339825,0.252839
id08951,0.392428,0.214756,0.392816
id18684,0.718351,0.156385,0.125264
id25179,0.461238,0.298005,0.240758
id27033,0.394716,0.248289,0.356995
id13977,0.41193,0.310609,0.277461
id19337,0.234425,0.490304,0.275271
id25764,0.29799,0.402824,0.299186
id16106,0.496971,0.287558,0.215471
id05468,0.368689,0.22928,0.40203
id05241,0.325802,0.136779,0.537419
id10215,0.30447,0.388965,0.306565
id23457,0.301731,0.37778,0.320489
id02200,0.522408,0.276011,0.201581
id13714,0.310055,0.427504,0.262441
id20332,0.297852,0.300594,0.401553
id18573,0.224463,0.400666,0.374871
id08569,0.480494,0.272699,0.246807
id22767,0.485713,0.261253,0.253034
id25390,0.31077,0.419334,0.269895
id09288,0.589315,0.176883,0.233801
id12381,0.464469,0.328592,0.206939
id02895,0.315764,0.205911,0.478324
id25270,0.319274,0.256957,0.423769
id14248,0.486485,0.181267,0.332248
id12831,0.505534,0.226219,0.268246
id18305,0.50718,0.232877,0.259943
id07805,0.511894,0.265551,0.222555
id14027,0.393451,0.290932,0.315617
id02760,0.714087,0.165554,0.120359
id24362,0.669198,0.193456,0.137347
id17065,0.471564,0.337921,0.190516
id26583,0.287951,0.452761,0.259288
id19664,0.455943,0.377361,0.166696
id25145,0.479046,0.332463,0.188491
id17858,0.386917,0.331844,0.281239
id05148,0.37877,0.344727,0.276503
id22928,0.539098,0.248211,0.212691
id21549,0.426151,0.23798,0.335869
id12649,0.40075,0.375681,0.223569
id21597,0.63924,0.17737,0.183391
id27945,0.375297,0.327787,0.296916
id00243,0.699651,0.162485,0.137864
id02745,0.530449,0.263717,0.205833
id23550,0.325796,0.174548,0.499656
id13023,0.417672,0.29866,0.283668
id24796,0.301449,0.376578,0.321973
id12284,0.371888,0.357942,0.27017
id02664,0.186735,0.521356,0.291909
id23767,0.337254,0.304991,0.357755
id05859,0.399488,0.348687,0.251824
id14350,0.545954,0.261221,0.192824
id01191,0.212835,0.447423,0.339742
id17034,0.489768,0.288307,0.221925
id25292,0.365885,0.354412,0.279703
id22121,0.52973,0.256998,0.213272
id20872,0.681967,0.146277,0.171756
id17720,0.291388,0.432632,0.275979
id22658,0.346978,0.400494,0.252528
id09567,0.353401,0.416387,0.230212
id16445,0.558745,0.245165,0.196089
id08349,0.199095,0.188505,0.6124
id27437,0.261226,0.424193,0.314581
id03812,0.424399,0.296953,0.278648
id22304,0.427498,0.330165,0.242337
id04449,0.394443,0.352481,0.253077
id15605,0.33521,0.279527,0.385262
id01768,0.550561,0.248993,0.200446
id20019,0.371608,0.320356,0.308036
id09593,0.263604,0.455913,0.280482
id23179,0.322725,0.267933,0.409342
id21279,0.595235,0.227342,0.177423
id06711,0.205316,0.154468,0.640216
id14243,0.291387,0.357424,0.351189
id04839,0.255658,0.313684,0.430658
id17220,0.346346,0.432958,0.220696
id24177,0.517985,0.282219,0.199796
id20512,0.420678,0.25864,0.320682
id14036,0.265875,0.509337,0.224788
id25001,0.322917,0.295156,0.381927
id06175,0.321693,0.47826,0.200046
id24720,0.402724,0.405517,0.191758
id08070,0.305484,0.418342,0.276174
id18934,0.514387,0.295387,0.190226
id01338,0.616505,0.206529,0.176966
id19008,0.255725,0.484163,0.260112
id19632,0.476316,0.283508,0.240176
id26224,0.257702,0.41924,0.323058
id08219,0.528223,0.22563,0.246148
id24008,0.217152,0.152648,0.630199
id12475,0.392638,0.397478,0.209884
id05766,0.55114,0.231992,0.216868
id27386,0.282353,0.481071,0.236576
id12476,0.242621,0.539386,0.217993
id08311,0.551043,0.239095,0.209862
id04996,0.574744,0.247094,0.178163
id17350,0.436618,0.293477,0.269904
id05546,0.248837,0.500834,0.250329
id16504,0.301469,0.311941,0.38659
id05782,0.21259,0.158899,0.628511
id20560,0.39597,0.219868,0.384162
id14171,0.310641,0.182535,0.506824
id27461,0.304882,0.251591,0.443526
id03581,0.372166,0.252323,0.375511
id21847,0.372834,0.241121,0.386045
id11712,0.42499,0.258573,0.316437
id26738,0.290484,0.289128,0.420389
id13668,0.361822,0.3586,0.279578
id15114,0.583898,0.217662,0.198439
id20130,0.446065,0.199633,0.354303
id18331,0.447367,0.326572,0.226062
id24465,0.604449,0.239885,0.155666
id13539,0.501384,0.278964,0.219652
id27564,0.461226,0.395074,0.1437
id26043,0.433017,0.214913,0.35207
id04965,0.305613,0.142131,0.552256
id08645,0.352738,0.337195,0.310068
id26610,0.448398,0.221386,0.330217
id21737,0.508474,0.286417,0.205109
id25784,0.234383,0.480808,0.284808
id23030,0.43487,0.316986,0.248144
id16450,0.363437,0.482404,0.154159
id02161,0.546032,0.240695,0.213273
id25535,0.508639,0.278375,0.212986
id16566,0.507838,0.232834,0.259328
id05714,0.55186,0.235946,0.212194
id16524,0.372676,0.348923,0.278401
id23941,0.251766,0.44304,0.305193
id00831,0.269473,0.441348,0.289179
id18145,0.300541,0.225771,0.473689
id17227,0.473061,0.204804,0.322135
id09417,0.458602,0.223501,0.317897
id21307,0.500668,0.278839,0.220493
id05650,0.357246,0.40113,0.241625
id23901,0.594271,0.200779,0.20495
id05831,0.419556,0.255213,0.325231
id16708,0.348746,0.410584,0.240671
id02281,0.328927,0.1727,0.498374
id11599,0.550055,0.213271,0.236675
id18353,0.395127,0.290604,0.314269
id07413,0.364038,0.376474,0.259488
id15653,0.350196,0.341411,0.308393
id09715,0.417291,0.249324,0.333384
id05108,0.433159,0.32304,0.243801
id09537,0.496411,0.179429,0.32416
id27596,0.538257,0.229997,0.231746
id24255,0.25906,0.330026,0.410914
id05080,0.480258,0.202815,0.316926
id09484,0.429978,0.246228,0.323793
id14864,0.427003,0.149612,0.423385
id26836,0.565991,0.199866,0.234143
id07003,0.652776,0.209452,0.137772
id13750,0.246329,0.563944,0.189727
id21799,0.380433,0.312371,0.307195
id11285,0.705068,0.144694,0.150238
id04735,0.434489,0.360779,0.204732
id23049,0.184423,0.286803,0.528774
id05826,0.378417,0.347605,0.273978
id17916,0.419945,0.289249,0.290806
id14081,0.452622,0.175295,0.372082
id10527,0.360919,0.22596,0.413121
id16059,0.245793,0.440645,0.313562
id25542,0.47438,0.266002,0.259618
id05402,0.322748,0.238281,0.438971
id01927,0.574849,0.243369,0.181782
id27656,0.403876,0.260903,0.335221
id06708,0.224901,0.428484,0.346615
id03524,0.383627,0.372176,0.244197
id12297,0.394235,0.319454,0.286311
id03439,0.494236,0.315404,0.190361
id04587,0.267906,0.444688,0.287406
id25470,0.463183,0.299305,0.237512
id01212,0.350119,0.382309,0.267573
id13932,0.574793,0.210183,0.215024
id00124,0.347162,0.252327,0.40051
id01592,0.287255,0.29435,0.418395
id13461,0.426877,0.310395,0.262728
id24681,0.364051,0.402369,0.23358
id23245,0.247554,0.163674,0.588772
id14073,0.330609,0.284515,0.384877
id05172,0.355743,0.266521,0.377737
id21979,0.621182,0.168863,0.209955
id00328,0.701014,0.11563,0.183356
id26102,0.606992,0.231952,0.161057
id14867,0.290616,0.225877,0.483507
id27544,0.318528,0.410586,0.270886
id16228,0.324138,0.368163,0.307698
id16342,0.384269,0.352917,0.262814
id24933,0.662955,0.193494,0.143551
id04601,0.392845,0.338593,0.268562
id01599,0.318285,0.334577,0.347138
id06238,0.595424,0.22904,0.175535
id06826,0.289623,0.39132,0.319057
id23307,0.439344,0.294897,0.265759
id13575,0.414301,0.275245,0.310455
id24174,0.300161,0.132744,0.567095
id19534,0.292626,0.232419,0.474955
id19602,0.353302,0.286814,0.359885
id26962,0.283913,0.312252,0.403834
id04448,0.393291,0.341113,0.265595
id09786,0.409045,0.291201,0.299754
id25240,0.425046,0.324815,0.250139
id14893,0.423661,0.367955,0.208384
id24221,0.409439,0.349455,0.241106
id04696,0.456365,0.25652,0.287115
id15153,0.33997,0.455043,0.204987
id13882,0.195865,0.568584,0.235551
id17836,0.280532,0.423819,0.295649
id00574,0.264834,0.435712,0.299454
id02078,0.302562,0.386497,0.310941
id21206,0.422703,0.312547,0.26475
id20084,0.468073,0.243449,0.288478
id26598,0.411868,0.275057,0.313074
id06838,0.345178,0.142179,0.512644
id08786,0.314783,0.210607,0.47461
id09550,0.382258,0.243404,0.374338
id10206,0.545576,0.191165,0.263259
id21113,0.523417,0.14883,0.327753
id21151,0.489407,0.292497,0.218095
id02692,0.594099,0.235651,0.17025
id26446,0.589689,0.185305,0.225006
id07377,0.589692,0.231297,0.179011
id15998,0.440472,0.236182,0.323347
id19637,0.592657,0.143799,0.263545
id19735,0.353671,0.443363,0.202966
id13739,0.453562,0.228043,0.318395
id25175,0.361752,0.267512,0.370736
id00563,0.350524,0.361219,0.288257
id09982,0.468973,0.200875,0.330152
id15459,0.265067,0.56624,0.168693
id20785,0.228857,0.154185,0.616959
id07145,0.380251,0.330653,0.289095
id22204,0.36048,0.407457,0.232064
id09285,0.434439,0.261082,0.304479
id18157,0.403393,0.236717,0.35989
id12134,0.321781,0.387736,0.290483
id23914,0.652718,0.213601,0.133681
id10483,0.527267,0.273068,0.199666
id07092,0.590526,0.205386,0.204088
id14786,0.325456,0.343689,0.330855
id25741,0.519533,0.172445,0.308022
id09050,0.423238,0.300457,0.276305
id04938,0.56939,0.200102,0.230508
id05901,0.58395,0.246696,0.169354
id16975,0.213187,0.545094,0.241719
id08547,0.422087,0.266013,0.3119
id16355,0.357999,0.308039,0.333962
id14568,0.291649,0.345189,0.363162
id25599,0.288112,0.379535,0.332353
id01670,0.24759,0.384695,0.367715
id23945,0.365935,0.433262,0.200802
id17394,0.214865,0.31737,0.467765
id06501,0.513657,0.2217,0.264644
id26234,0.306823,0.413397,0.27978
id21280,0.466961,0.180594,0.352445
id20048,0.230109,0.384584,0.385307
id01216,0.280379,0.409429,0.310191
id25320,0.506236,0.227735,0.266029
id22833,0.346668,0.402385,0.250947
id22056,0.437056,0.274926,0.288017
id02275,0.271655,0.386902,0.341443
id26127,0.596842,0.219192,0.183966
id17011,0.374584,0.374442,0.250974
id13847,0.45126,0.242311,0.306429
id00013,0.263837,0.491791,0.244372
id16463,0.440316,0.279002,0.280682
id04845,0.295488,0.415123,0.289389
id01787,0.391788,0.308174,0.300038
id08637,0.326189,0.382164,0.291647
id11414,0.39417,0.238007,0.367823
id13177,0.349052,0.325599,0.325349
id24517,0.549868,0.19707,0.253062
id26838,0.249941,0.397575,0.352484
id23081,0.254852,0.444841,0.300307
id16327,0.329324,0.388847,0.281829
id27282,0.301154,0.483305,0.215541
id07489,0.30425,0.350215,0.345536
id01718,0.217095,0.37764,0.405265
id15441,0.466819,0.209922,0.323259
id27736,0.314787,0.398407,0.286806
id16324,0.3156,0.433939,0.250461
id12027,0.317343,0.232273,0.450383
id24653,0.398637,0.362258,0.239104
id17541,0.373423,0.24174,0.384837
id22406,0.269478,0.353319,0.377202
id18356,0.558943,0.264285,0.176772
id04505,0.576456,0.171417,0.252127
id04246,0.418207,0.255687,0.326106
id07368,0.398991,0.276256,0.324753
id26185,0.267699,0.297531,0.434769
id08878,0.181819,0.473723,0.344458
id27691,0.176204,0.200222,0.623574
id18004,0.355683,0.28737,0.356947
id24426,0.350665,0.290481,0.358854
id14164,0.494249,0.2733,0.232451
id12653,0.210719,0.416987,0.372294
id18060,0.383845,0.377738,0.238417
id18556,0.652697,0.148025,0.199278
id27371,0.365218,0.355204,0.279578
id11989,0.303758,0.297647,0.398595
id26095,0.406407,0.361625,0.231968
id24978,0.32105,0.287954,0.390995
id20322,0.270843,0.17007,0.559086
id01954,0.451394,0.305974,0.242632
id07434,0.418478,0.283304,0.298217
id18144,0.25221,0.21616,0.53163
id16250,0.468606,0.298991,0.232403
id17793,0.339775,0.324185,0.33604
id24067,0.302765,0.368062,0.329173
id13891,0.153984,0.141907,0.70411
id07334,0.426957,0.2959,0.277143
id15633,0.308868,0.377425,0.313707
id23239,0.381405,0.236174,0.382421
id10674,0.298908,0.329371,0.371721
id22093,0.494569,0.277972,0.227458
id08444,0.323741,0.304849,0.37141
id03257,0.321321,0.276065,0.402614
id10040,0.457926,0.255437,0.286637
id04902,0.329067,0.281458,0.389475
id01219,0.45164,0.285901,0.262458
id01340,0.808194,0.104465,0.0873402
id05117,0.316292,0.423636,0.260072
id04908,0.228475,0.172824,0.5987
id03626,0.354815,0.232047,0.413137
id01888,0.596443,0.248584,0.154973
id17199,0.42079,0.140124,0.439086
id11200,0.452848,0.304175,0.242976
id27561,0.438835,0.126834,0.43433
id20966,0.359346,0.426205,0.214449
id10257,0.285964,0.382185,0.331852
id21168,0.42865,0.333466,0.237885
id23363,0.377836,0.191943,0.430221
id05321,0.285421,0.176522,0.538056
id09928,0.289264,0.176184,0.534552
id18015,0.431964,0.317466,0.250571
id02082,0.352856,0.478333,0.168811
id19279,0.566371,0.247347,0.186282
id08541,0.51581,0.290832,0.193357
id15249,0.235137,0.440474,0.324389
id03609,0.299747,0.427797,0.272456
id22902,0.422684,0.294731,0.282586
id17733,0.620848,0.199597,0.179555
id07554,0.235752,0.248291,0.515957
id14120,0.419936,0.291538,0.288526
id21802,0.270944,0.463823,0.265232
id15614,0.370773,0.349987,0.279241
id19437,0.279697,0.213508,0.506795
id22698,0.543493,0.241055,0.215452
id21841,0.26866,0.375806,0.355534
id16177,0.493444,0.335987,0.170569
id15887,0.468538,0.287447,0.244015
id22629,0.46132,0.179976,0.358704
id10346,0.497337,0.276048,0.226615
id05154,0.616694,0.207794,0.175512
id22913,0.513545,0.321279,0.165176
id10544,0.272025,0.429661,0.298313
id08703,0.437196,0.366206,0.196598
id12817,0.477391,0.225102,0.297508
id25433,0.51901,0.283474,0.197516
id25112,0.219294,0.263477,0.517229
id05054,0.322477,0.388932,0.28859
id02311,0.320944,0.440197,0.23886
id22160,0.35896,0.328903,0.312137
id17422,0.370527,0.340165,0.289308
id18985,0.451114,0.265655,0.283231
id21905,0.316361,0.354704,0.328935
id17474,0.41195,0.346138,0.241912
id15236,0.29658,0.471286,0.232134
id13964,0.480862,0.243844,0.275294
id15962,0.38846,0.370701,0.240838
id20866,0.264427,0.332585,0.402988
id06625,0.422417,0.287656,0.289927
id09793,0.526312,0.187212,0.286475
id17365,0.167936,0.599752,0.232312
id18463,0.284905,0.430974,0.284122
id20693,0.209967,0.452953,0.33708
id08785,0.310353,0.397113,0.292534
id06783,0.42157,0.381456,0.196974
id23178,0.274964,0.340845,0.384191
id13513,0.338547,0.420769,0.240684
id25361,0.284963,0.259599,0.455438
id22319,0.244416,0.261405,0.494178
id14024,0.457774,0.340162,0.202064
id24186,0.417185,0.388886,0.193929
id20965,0.530861,0.222132,0.247007
id06242,0.386246,0.270996,0.342758
id25665,0.33193,0.358253,0.309817
id09706,0.310484,0.373374,0.316142
id11026,0.314738,0.457572,0.22769
id04223,0.404012,0.315371,0.280617
id19674,0.429527,0.355441,0.215032
id23420,0.257042,0.301516,0.441442
id18059,0.30653,0.445872,0.247598
id22576,0.622968,0.206059,0.170972
id18495,0.177621,0.572528,0.24985
id14139,0.555903,0.222401,0.221696
id18313,0.33821,0.389043,0.272747
id27356,0.441136,0.227,0.331863
id16035,0.346056,0.339805,0.314139
id04182,0.321328,0.394288,0.284384
id15667,0.528258,0.275261,0.196481
id08713,0.405144,0.325824,0.269033
id25563,0.226426,0.555242,0.218331
id17023,0.515435,0.285522,0.199043
id03014,0.233638,0.564025,0.202337
id23812,0.289593,0.527172,0.183235
id20057,0.311549,0.307294,0.381157
id12385,0.475056,0.355512,0.169432
id24416,0.39134,0.336469,0.27219
id15672,0.303232,0.443178,0.25359
id13868,0.441165,0.347078,0.211757
id21095,0.304418,0.336689,0.358894
id05305,0.352285,0.227102,0.420613
id15384,0.282697,0.385659,0.331644
id14049,0.324456,0.236759,0.438785
id23441,0.467762,0.286912,0.245326
id12856,0.33068,0.251071,0.418249
id16055,0.243794,0.417934,0.338272
id24771,0.474225,0.300165,0.22561
id14053,0.546361,0.247291,0.206348
id19547,0.265967,0.373417,0.360615
id03639,0.374031,0.240328,0.38564
id14546,0.323471,0.381611,0.294919
id13935,0.385751,0.368164,0.246085
id20335,0.537869,0.310485,0.151646
id07301,0.317941,0.261931,0.420128
id10186,0.643732,0.175169,0.181099
id00192,0.394881,0.371203,0.233916
id17851,0.48266,0.285932,0.231408
id08403,0.259052,0.402558,0.33839
id06183,0.455493,0.28697,0.257537
id24738,0.281041,0.405964,0.312995
id15112,0.540723,0.189221,0.270056
id19819,0.337988,0.252178,0.409834
id17722,0.212366,0.410329,0.377305
id24273,0.220633,0.296175,0.483192
id18939,0.166112,0.140743,0.693145
id16076,0.42062,0.317916,0.261464
id23158,0.183238,0.27389,0.542872
id12745,0.495798,0.20667,0.297532
id22538,0.426073,0.224693,0.349234
id14975,0.467919,0.27523,0.256852
id27537,0.459601,0.342331,0.198068
id06632,0.247246,0.135621,0.617133
id08100,0.404655,0.365087,0.230258
id00843,0.609109,0.237566,0.153325
id22159,0.218162,0.223758,0.55808
id18672,0.644261,0.137711,0.218028
id06916,0.521274,0.276519,0.202207
id22212,0.581098,0.21958,0.199322
id00273,0.26702,0.263483,0.469496
id26325,0.506468,0.300365,0.193167
id23683,0.441483,0.380437,0.17808
id14419,0.254769,0.468614,0.276617
id11931,0.268034,0.568735,0.16323
id00568,0.308243,0.45348,0.238277
id12271,0.430841,0.390637,0.178523
id12622,0.432968,0.350799,0.216234
id03156,0.333326,0.267814,0.39886
id25592,0.562023,0.262344,0.175633
id24367,0.51818,0.296874,0.184946
id16007,0.432669,0.32164,0.245691
id04785,0.639231,0.183829,0.176939
id07888,0.384505,0.314686,0.300809
id13557,0.423224,0.37259,0.204186
id20726,0.715742,0.140635,0.143624
id09580,0.65634,0.13914,0.20452
id05173,0.430776,0.357032,0.212192
id10394,0.351797,0.370239,0.277964
id03926,0.361422,0.399931,0.238647
id07264,0.665916,0.167861,0.166223
id01862,0.427735,0.350641,0.221623
id20808,0.333661,0.410378,0.255961
id26658,0.524604,0.230908,0.244488
id04479,0.516385,0.285083,0.198532
id17445,0.33857,0.355516,0.305914
id04430,0.293594,0.44549,0.260916
id06052,0.469405,0.246659,0.283936
id11485,0.53844,0.223445,0.238115
id13060,0.531043,0.219371,0.249586
id20873,0.475636,0.238836,0.285528
id21927,0.365198,0.384346,0.250456
id02736,0.285666,0.368374,0.34596
id11234,0.411374,0.213689,0.374937
id27894,0.67031,0.171697,0.157993
id23208,0.388218,0.291648,0.320134
id18470,0.352561,0.279356,0.368083
id23172,0.267578,0.480927,0.251494
id08752,0.565016,0.148552,0.286432
id14242,0.484875,0.23735,0.277776
id22908,0.434724,0.21144,0.353836
id17454,0.354598,0.393889,0.251513
id23797,0.556744,0.170707,0.272549
id03788,0.377851,0.34226,0.279889
id23682,0.367611,0.295485,0.336903
id07179,0.475346,0.27789,0.246764
id09746,0.315276,0.367265,0.317459
id26613,0.305884,0.371453,0.322663
id05142,0.459333,0.329493,0.211174
id04825,0.267683,0.442213,0.290104
id13691,0.560394,0.185135,0.254471
id14183,0.336758,0.176,0.487242
id19519,0.339874,0.195639,0.464487
id26685,0.331285,0.149374,0.51934
id07937,0.377734,0.345146,0.27712
id10574,0.293549,0.41743,0.289021
id15310,0.264547,0.535583,0.19987
id27311,0.189473,0.202082,0.608445
id11590,0.410035,0.315628,0.274337
id19798,0.144489,0.301802,0.553709
id12201,0.393959,0.263347,0.342693
id12460,0.392282,0.245627,0.362091
id12019,0.447625,0.34315,0.209225
id08046,0.287182,0.259808,0.45301
id02989,0.267841,0.388004,0.344155
id26905,0.267218,0.306048,0.426734
id09779,0.665101,0.19595,0.138948
id04359,0.378236,0.323547,0.298217
id01526,0.596299,0.255446,0.148255
id22325,0.285458,0.491352,0.22319
id27878,0.38483,0.335998,0.279172
id06413,0.336279,0.452061,0.21166
id12616,0.372803,0.261938,0.365259
id05301,0.351555,0.353343,0.295101
id13258,0.410881,0.151881,0.437238
id08789,0.290954,0.291234,0.417812
id11776,0.255389,0.591896,0.152714
id21899,0.484591,0.285437,0.229972
id18108,0.326609,0.318321,0.35507
id23585,0.431063,0.303379,0.265558
id22122,0.35341,0.100165,0.546424
id22855,0.482739,0.246928,0.270332
id19551,0.442658,0.220873,0.336469
id18535,0.380702,0.421363,0.197934
id15115,0.404703,0.221397,0.3739
id00678,0.534829,0.21423,0.250942
id21876,0.258348,0.416807,0.324845
id01553,0.712087,0.138129,0.149784
id09456,0.387139,0.317668,0.295193
id01455,0.278415,0.434189,0.287396
