id,EAP,HPL,MWS
id02310,0.352055,0.240433,0.407512
id24541,0.393528,0.344547,0.261925
id00134,0.332928,0.391495,0.275577
id27757,0.4294,0.304551,0.26605
id04081,0.402316,0.248002,0.349682
id27337,0.398979,0.322738,0.278283
id24265,0.503531,0.240924,0.255545
id25917,0.412867,0.28234,0.304793
id04951,0.438844,0.350405,0.210751
id14549,0.528337,0.243343,0.22832
id22505,0.378203,0.317237,0.30456
id24002,0.335492,0.373993,0.290515
id18982,0.313495,0.290222,0.396283
id15181,0.363751,0.355005,0.281244
id21888,0.466578,0.317524,0.215898
id12035,0.396319,0.21522,0.388462
id17991,0.429344,0.230409,0.340247
id10707,0.531454,0.226354,0.242192
id07101,0.390497,0.342745,0.266758
id00345,0.451778,0.304284,0.243938
id05912,0.421607,0.286817,0.291576
id13443,0.366257,0.341351,0.292392
id09248,0.396994,0.365525,0.23748
id17542,0.422676,0.27248,0.304844
id06995,0.439892,0.312957,0.247151
id25159,0.388312,0.252413,0.359275
id25729,0.427925,0.303969,0.268106
id26949,0.441789,0.334381,0.223829
id27191,0.350354,0.240036,0.40961
id07668,0.363708,0.282918,0.353374
id02230,0.366237,0.299665,0.334098
id15553,0.544391,0.2562,0.199409
id25688,0.31415,0.337814,0.348036
id17545,0.391554,0.291633,0.316813
id13929,0.395152,0.261656,0.343192
id12880,0.371294,0.28561,0.343096
id19282,0.409641,0.245128,0.345231
id14690,0.31416,0.250659,0.435181
id17975,0.403144,0.350724,0.246132
id08037,0.522947,0.261961,0.215093
id15412,0.449874,0.282593,0.267533
id25032,0.40446,0.239671,0.355869
id27165,0.45614,0.302128,0.241732
id03327,0.391727,0.356316,0.251957
id18515,0.456378,0.347136,0.196485
id21003,0.354136,0.351366,0.294498
id23855,0.344307,0.34775,0.307943
id20724,0.440229,0.260648,0.299122
id13303,0.426119,0.284448,0.289434
id16521,0.394525,0.363466,0.24201
id20775,0.498323,0.28412,0.217557
id13029,0.456437,0.298149,0.245413
id14660,0.45428,0.246614,0.299105
id11028,0.305029,0.176085,0.518886
id14180,0.45357,0.324842,0.221588
id25860,0.407072,0.328921,0.264007
id11910,0.403764,0.189316,0.40692
id08065,0.27671,0.290947,0.432343
id22674,0.357944,0.337879,0.304178
id25018,0.371779,0.291621,0.3366
id10892,0.393527,0.344593,0.26188
id10217,0.41496,0.308805,0.276235
id12996,0.397054,0.228977,0.373969
id18262,0.398237,0.308992,0.29277
id08606,0.352614,0.3551,0.292286
id17233,0.447639,0.318451,0.23391
id00101,0.439818,0.310807,0.249374
id12225,0.447422,0.308007,0.244572
id01364,0.429776,0.340247,0.229978
id24973,0.386873,0.219665,0.393462
id25363,0.399331,0.238803,0.361866
id10061,0.373098,0.308545,0.318357
id17673,0.377505,0.341802,0.280693
id13249,0.389596,0.277764,0.33264
id10107,0.390254,0.190968,0.418778
id04403,0.409903,0.307351,0.282746
id25728,0.370389,0.309436,0.320175
id16184,0.293864,0.333972,0.372164
id03438,0.35782,0.310161,0.332019
id22923,0.360891,0.347885,0.291223
id08610,0.478738,0.28268,0.238582
id25355,0.327557,0.29962,0.372823
id16916,0.405252,0.2992,0.295548
id12793,0.380439,0.350718,0.268843
id11859,0.446708,0.250129,0.303163
id02434,0.445473,0.30788,0.246647
id27703,0.377531,0.219753,0.402716
id25212,0.350897,0.394549,0.254555
id11308,0.417025,0.236634,0.346341
id26094,0.398938,0.328984,0.272078
id22080,0.456409,0.32673,0.216861
id03545,0.449185,0.261168,0.289647
id23725,0.33038,0.311294,0.358326
id12009,0.449492,0.31948,0.231028
id24241,0.45983,0.295006,0.245163
id03596,0.380629,0.343619,0.275751
id10749,0.367992,0.353005,0.279003
id22794,0.324952,0.294589,0.380459
id15482,0.389766,0.334109,0.276125
id04833,0.389658,0.368293,0.242049
id00397,0.379431,0.307559,0.313009
id14691,0.424533,0.298644,0.276822
id05193,0.441054,0.243583,0.315363
id19541,0.39623,0.355701,0.248068
id22166,0.336488,0.247905,0.415607
id20744,0.357839,0.154406,0.487755
id10392,0.302798,0.316056,0.381146
id00770,0.485587,0.292649,0.221764
id06018,0.436803,0.293817,0.26938
id15678,0.3897,0.318832,0.291469
id08305,0.438025,0.297421,0.264554
id08903,0.332731,0.229015,0.438254
id14752,0.419084,0.327816,0.2531
id12468,0.363814,0.382982,0.253204
id05085,0.427382,0.337159,0.235459
id21993,0.413288,0.224365,0.362347
id15503,0.403451,0.335748,0.260801
id03021,0.358974,0.372936,0.26809
id16123,0.402758,0.283583,0.31366
id19383,0.415459,0.284499,0.300042
id04186,0.367908,0.315115,0.316977
id17954,0.338386,0.327291,0.334324
id12030,0.384014,0.173788,0.442198
id13020,0.361891,0.389661,0.248448
id25327,0.330721,0.317535,0.351744
id16344,0.388384,0.3155,0.296117
id12303,0.448261,0.280411,0.271328
id15017,0.475158,0.294218,0.230623
id22308,0.34765,0.393034,0.259316
id06536,0.32994,0.379437,0.290623
id19797,0.404422,0.255141,0.340436
id06332,0.419971,0.280458,0.29957
id22941,0.348644,0.364167,0.287189
id13547,0.297943,0.282944,0.419113
id06928,0.421019,0.232013,0.346969
id12521,0.400659,0.354344,0.244996
id25716,0.418657,0.261783,0.31956
id27116,0.330886,0.262676,0.406438
id19941,0.426605,0.345706,0.227688
id05711,0.350495,0.195342,0.454162
id02097,0.394335,0.312786,0.292879
id03563,0.371026,0.362755,0.266219
id02295,0.382421,0.321489,0.296089
id08179,0.355631,0.317644,0.326726
id05332,0.380425,0.369241,0.250335
id15697,0.395886,0.312909,0.291205
id17026,0.456185,0.282672,0.261143
id04243,0.419978,0.313078,0.266943
id13175,0.361517,0.270521,0.367962
id05387,0.39606,0.333533,0.270407
id19989,0.423587,0.31341,0.263003
id25173,0.330276,0.341452,0.328272
id08925,0.44056,0.320178,0.239262
id03034,0.376727,0.333954,0.289319
id13272,0.395149,0.322084,0.282767
id07956,0.325294,0.294505,0.380201
id02648,0.384325,0.28142,0.334255
id01778,0.317792,0.284911,0.397297
id12846,0.402637,0.239921,0.357442
id19001,0.397538,0.310948,0.291514
id05763,0.358383,0.351828,0.289789
id15590,0.299729,0.218615,0.481656
id04912,0.414471,0.261522,0.324007
id21201,0.485537,0.299515,0.214948
id13215,0.492519,0.203314,0.304168
id15612,0.379942,0.330557,0.289501
id18501,0.409921,0.363425,0.226653
id07223,0.435377,0.255808,0.308815
id06707,0.314126,0.320763,0.365111
id05238,0.343597,0.366948,0.289455
id00935,0.338131,0.329263,0.332606
id00110,0.373098,0.257432,0.36947
id17476,0.401321,0.307704,0.290975
id15170,0.430667,0.345811,0.223521
id13397,0.347536,0.281054,0.37141
id24283,0.419858,0.358635,0.221507
id15234,0.458942,0.303196,0.237861
id16884,0.385719,0.32691,0.287371
id07831,0.462141,0.225849,0.31201
id16038,0.381055,0.314015,0.30493
id03629,0.450206,0.297103,0.252691
id21019,0.446179,0.318464,0.235357
id21835,0.3318,0.304399,0.363802
id04480,0.41209,0.347481,0.240429
id20838,0.430903,0.225956,0.343141
id24195,0.439772,0.287216,0.273012
id05448,0.459404,0.293714,0.246883
id15957,0.448017,0.311627,0.240356
id19956,0.362412,0.215424,0.422163
id15104,0.306216,0.322926,0.370857
id17559,0.387979,0.304571,0.30745
id16839,0.386848,0.303603,0.309549
id14493,0.419274,0.294583,0.286143
id08833,0.447792,0.236986,0.315222
id15723,0.371061,0.215131,0.413809
id02716,0.452922,0.250962,0.296116
id06689,0.413979,0.312146,0.273875
id18837,0.37179,0.19418,0.43403
id04466,0.437609,0.356889,0.205502
id00686,0.431434,0.315556,0.25301
id09010,0.394711,0.369402,0.235888
id23353,0.559961,0.227588,0.212451
id00066,0.414446,0.305847,0.279707
id15724,0.3532,0.380291,0.266509
id23486,0.322253,0.350579,0.327168
id22258,0.310989,0.261817,0.427194
id02292,0.425803,0.250815,0.323382
id16356,0.436898,0.265589,0.297514
id00235,0.397848,0.309643,0.29251
id25522,0.323885,0.34136,0.334755
id04204,0.378533,0.304262,0.317205
id22016,0.450484,0.226718,0.322799
id06480,0.375844,0.397796,0.22636
id08718,0.352366,0.171539,0.476096
id05251,0.368354,0.357092,0.274554
id03359,0.379703,0.299774,0.320524
id16117,0.398241,0.250237,0.351522
id17000,0.311946,0.398434,0.28962
id01730,0.388933,0.336444,0.274623
id00630,0.516154,0.284643,0.199203
id18175,0.366612,0.214467,0.418921
id00907,0.460389,0.29145,0.248161
id18251,0.373972,0.374852,0.251176
id25861,0.370766,0.331374,0.29786
id00398,0.376845,0.3505,0.272655
id27573,0.47086,0.256162,0.272978
id10022,0.313409,0.315673,0.370918
id15901,0.403299,0.250728,0.345973
id00451,0.347359,0.291346,0.361296
id23129,0.384742,0.30568,0.309578
id26498,0.42235,0.309026,0.268624
id14741,0.41128,0.312758,0.275962
id18453,0.359512,0.278443,0.362046
id08309,0.427485,0.260072,0.312442
id00320,0.473904,0.300064,0.226033
id07688,0.419356,0.293465,0.28718
id01556,0.318517,0.308331,0.373152
id00178,0.403576,0.296847,0.299577
id18902,0.32574,0.352324,0.321937
id27002,0.408864,0.344956,0.24618
id21418,0.397257,0.329598,0.273144
id23018,0.335159,0.324756,0.340084
id07032,0.339759,0.264259,0.395982
id16195,0.367758,0.367469,0.264774
id11202,0.389729,0.37787,0.232402
id09578,0.438087,0.252911,0.309002
id26984,0.469338,0.213533,0.317129
id19856,0.408113,0.345486,0.246402
id12086,0.42094,0.318777,0.260283
id12052,0.371709,0.274737,0.353554
id17728,0.360893,0.309308,0.329799
id24608,0.353051,0.354187,0.292762
id21097,0.356437,0.258568,0.384995
id20179,0.313716,0.370403,0.315881
id15144,0.424711,0.252929,0.32236
id00206,0.407073,0.336301,0.256626
id22285,0.46672,0.247965,0.285316
id06417,0.409521,0.285016,0.305464
id00215,0.391432,0.343883,0.264684
id04201,0.39778,0.381003,0.221217
id21771,0.501128,0.236846,0.262026
id12451,0.383167,0.355849,0.260983
id14250,0.357217,0.330939,0.311844
id03433,0.349255,0.365367,0.285378
id03303,0.333409,0.265207,0.401385
id25901,0.357955,0.363612,0.278433
id06945,0.404726,0.322471,0.272803
id05664,0.438594,0.235317,0.326089
id05741,0.46873,0.271901,0.259369
id10652,0.527885,0.288941,0.183174
id16300,0.432371,0.281452,0.286178
id12319,0.4528,0.272533,0.274666
id07500,0.352247,0.387487,0.260266
id12478,0.428706,0.27449,0.296804
id03076,0.32706,0.258666,0.414274
id00969,0.395931,0.325858,0.27821
id23636,0.394791,0.369548,0.235662
id09791,0.384049,0.376614,0.239337
id05680,0.334778,0.375521,0.289701
id03672,0.340714,0.302573,0.356713
id04286,0.297291,0.399424,0.303285
id23883,0.400552,0.36123,0.238218
id11914,0.393141,0.231525,0.375335
id20974,0.408551,0.305922,0.285527
id26125,0.443045,0.274549,0.282406
id15543,0.3689,0.266484,0.364617
id19471,0.450436,0.291617,0.257948
id11503,0.397303,0.336885,0.265812
id09321,0.340855,0.37611,0.283035
id25560,0.34211,0.306526,0.351364
id06726,0.321011,0.370733,0.308255
id05709,0.40893,0.219996,0.371074
id09788,0.322534,0.396446,0.28102
id05289,0.454688,0.298131,0.247182
id11815,0.405043,0.371543,0.223414
id22422,0.398815,0.263666,0.337519
id25954,0.433313,0.261534,0.305153
id13601,0.407778,0.234241,0.357981
id05677,0.386974,0.336929,0.276098
id10498,0.41279,0.306152,0.281058
id02665,0.392455,0.40631,0.201235
id10114,0.377916,0.345106,0.276978
id26314,0.460835,0.276453,0.262712
id21240,0.398422,0.339854,0.261724
id15569,0.450873,0.309268,0.239859
id25928,0.416274,0.321326,0.2624
id22706,0.350129,0.365403,0.284467
id20877,0.355851,0.379593,0.264556
id04318,0.459221,0.230317,0.310461
id18299,0.439255,0.286753,0.273992
id08126,0.342978,0.317052,0.33997
id14293,0.40616,0.303348,0.290492
id12759,0.456165,0.269552,0.274283
id11983,0.343467,0.367944,0.288589
id05580,0.355014,0.389923,0.255064
id25846,0.399301,0.375309,0.22539
id01939,0.433965,0.269043,0.296993
id26327,0.422236,0.291476,0.286288
id11068,0.252868,0.174701,0.57243
id08404,0.431562,0.340726,0.227712
id27189,0.438566,0.292562,0.268872
id15119,0.308264,0.34722,0.344516
id26525,0.530641,0.24936,0.219999
id03618,0.401036,0.332813,0.266151
id27220,0.39289,0.342016,0.265095
id18777,0.320595,0.189815,0.48959
id20213,0.461909,0.323848,0.214243
id20403,0.423077,0.34944,0.227483
id03777,0.393933,0.352214,0.253853
id10595,0.340532,0.334193,0.325275
id13816,0.39345,0.353073,0.253477
id05667,0.342974,0.255489,0.401537
id24629,0.425979,0.310395,0.263626
id20398,0.348608,0.313388,0.338004
id14108,0.34223,0.214259,0.443511
id06196,0.36958,0.361034,0.269387
id02800,0.353992,0.35563,0.290379
id18732,0.324265,0.368268,0.307467
id11915,0.342829,0.334287,0.322884
id09739,0.414977,0.290473,0.29455
id24672,0.453632,0.274841,0.271528
id00414,0.302998,0.253297,0.443706
id16307,0.333303,0.368883,0.297814
id14043,0.413004,0.227604,0.359392
id00517,0.318369,0.255389,0.426241
id09744,0.429107,0.312008,0.258885
id19257,0.507058,0.250129,0.242813
id15437,0.414105,0.330585,0.25531
id16352,0.359376,0.32153,0.319094
id18849,0.369715,0.381936,0.248349
id19434,0.390948,0.354167,0.254885
id17928,0.378758,0.348739,0.272503
id16896,0.410841,0.283329,0.30583
id02135,0.298149,0.329699,0.372152
id15075,0.438186,0.32884,0.232974
id27486,0.417637,0.329367,0.252996
id19422,0.397869,0.315194,0.286938
id09603,0.385792,0.329299,0.284909
id02133,0.41529,0.354813,0.229897
id03441,0.445165,0.247896,0.306939
id02398,0.38321,0.347363,0.269427
id05152,0.376645,0.26098,0.362375
id17838,0.382062,0.260993,0.356945
id25060,0.359706,0.309714,0.33058
id09998,0.385895,0.34701,0.267095
id01828,0.348212,0.362551,0.289237
id25377,0.378614,0.32678,0.294606
id22175,0.39253,0.298699,0.308771
id02974,0.344658,0.282362,0.37298
id26955,0.418199,0.291821,0.28998
id21091,0.386294,0.247489,0.366218
id12802,0.377333,0.369884,0.252783
id07432,0.400609,0.345943,0.253449
id18749,0.381322,0.329637,0.289041
id15030,0.322815,0.229055,0.44813
id17155,0.372302,0.351475,0.276223
id08128,0.380591,0.388678,0.230731
id25706,0.379058,0.320675,0.300266
id15645,0.470561,0.232233,0.297206
id04943,0.326315,0.353622,0.320063
id27566,0.362534,0.380789,0.256677
id11765,0.386936,0.333697,0.279367
id13783,0.372122,0.322393,0.305485
id00492,0.342095,0.25243,0.405475
id27636,0.364095,0.306595,0.32931
id04273,0.36541,0.355843,0.278747
id02537,0.394088,0.196437,0.409475
id24349,0.373944,0.327218,0.298839
id00023,0.336844,0.390306,0.27285
id23025,0.396449,0.276426,0.327125
id08722,0.472508,0.230879,0.296613
id02420,0.396728,0.327818,0.275453
id10811,0.421008,0.24128,0.337711
id04019,0.342641,0.35391,0.303448
id18334,0.489145,0.260032,0.250823
id16781,0.535731,0.251954,0.212315
id08773,0.47469,0.304708,0.220602
id19214,0.451101,0.290968,0.257931
id09589,0.395599,0.356388,0.248012
id24246,0.400262,0.322409,0.277329
id23577,0.475334,0.296707,0.22796
id09305,0.465798,0.25081,0.283392
id16460,0.439146,0.299311,0.261543
id21115,0.427902,0.288045,0.284053
id25996,0.448094,0.267363,0.284543
id02551,0.360208,0.320378,0.319413
id19352,0.297509,0.252422,0.450069
id03806,0.324857,0.311936,0.363207
id26544,0.48162,0.319036,0.199344
id18761,0.353772,0.34878,0.297448
id24148,0.340191,0.404489,0.255319
id16095,0.363277,0.333996,0.302726
id18442,0.39531,0.343894,0.260796
id22596,0.310635,0.307785,0.381581
id23002,0.335546,0.326675,0.337779
id04797,0.491035,0.291169,0.217796
id06610,0.382594,0.273161,0.344245
id16173,0.391817,0.302473,0.305711
id18292,0.351463,0.312771,0.335766
id27328,0.495837,0.263519,0.240644
id01695,0.362973,0.351206,0.28582
id05761,0.342683,0.30742,0.349897
id16354,0.326705,0.26839,0.404905
id12207,0.364801,0.320777,0.314422
id05665,0.349706,0.320597,0.329697
id01911,0.448529,0.28282,0.268651
id19153,0.35856,0.306718,0.334721
id10295,0.373513,0.366014,0.260474
id23038,0.404095,0.260483,0.335422
id23783,0.368747,0.382401,0.248852
id27879,0.416025,0.347939,0.236036
id19190,0.386006,0.266326,0.347668
id05065,0.322658,0.339913,0.337428
id21296,0.401306,0.35658,0.242114
id13262,0.314651,0.318106,0.367243
id10333,0.402157,0.368209,0.229634
id16677,0.453965,0.308083,0.237951
id01392,0.36816,0.295317,0.336523
id27874,0.482966,0.267822,0.249212
id02294,0.459771,0.269008,0.271221
id18298,0.424132,0.315656,0.260211
id06997,0.408297,0.30803,0.283673
id05243,0.378404,0.328465,0.293131
id00860,0.399433,0.351054,0.249513
id26681,0.353281,0.284097,0.362622
id06020,0.414863,0.319054,0.266083
id27683,0.357452,0.391373,0.251175
id17655,0.394713,0.323227,0.282059
id08817,0.332012,0.319516,0.348472
id11512,0.327518,0.29073,0.381752
id00478,0.406496,0.24558,0.347923
id02116,0.415581,0.271669,0.31275
id06746,0.33747,0.300224,0.362307
id03863,0.40045,0.324354,0.275195
id01802,0.363011,0.284607,0.352381
id11682,0.377243,0.285711,0.337046
id04033,0.366154,0.367683,0.266163
id09286,0.371243,0.347685,0.281072
id12904,0.495761,0.272234,0.232005
id07420,0.333866,0.330385,0.335749
id22398,0.370892,0.325513,0.303595
id00424,0.34601,0.271068,0.382922
id20960,0.454784,0.315793,0.229424
id10267,0.472582,0.266071,0.261346
id19330,0.416141,0.301614,0.282245
id00994,0.334685,0.364298,0.301017
id10785,0.348712,0.279844,0.371444
id00955,0.42412,0.274261,0.301619
id09757,0.374486,0.332401,0.293113
id10030,0.334582,0.297321,0.368096
id22952,0.421881,0.296914,0.281204
id21955,0.355114,0.351031,0.293855
id07674,0.36113,0.370277,0.268592
id13760,0.3802,0.288986,0.330814
id18166,0.462748,0.266143,0.271109
id23498,0.422829,0.346061,0.23111
id05296,0.440448,0.221306,0.338246
id26709,0.362584,0.312039,0.325377
id02853,0.421636,0.334692,0.243672
id06800,0.382821,0.254541,0.362638
id14758,0.395899,0.340783,0.263318
id12356,0.477762,0.311892,0.210346
id21492,0.437059,0.293845,0.269096
id27540,0.394225,0.340124,0.265651
id07376,0.341675,0.293323,0.365002
id15201,0.344812,0.314761,0.340427
id23388,0.357997,0.317068,0.324935
id13923,0.377267,0.296947,0.325787
id00794,0.342528,0.368504,0.288968
id23910,0.350154,0.29848,0.351366
id02556,0.32661,0.301668,0.371722
id22151,0.388947,0.390631,0.220422
id11698,0.407512,0.27379,0.318698
id11627,0.439564,0.344944,0.215492
id06340,0.439799,0.297516,0.262685
id05123,0.524611,0.210065,0.265324
id26620,0.353545,0.261502,0.384953
id04002,0.327243,0.366267,0.306491
id26554,0.333708,0.329802,0.33649
id18012,0.356718,0.35136,0.291922
id12964,0.387921,0.248116,0.363963
id18965,0.325614,0.381996,0.29239
id19082,0.499907,0.201602,0.298491
id26742,0.350602,0.259303,0.390095
id15442,0.366932,0.308539,0.324529
id16647,0.445517,0.213501,0.340982
id11544,0.382201,0.361339,0.256461
id20581,0.354613,0.317399,0.327988
id13192,0.414121,0.368945,0.216934
id15814,0.357867,0.247245,0.394887
id26279,0.375099,0.34329,0.281611
id00240,0.473095,0.308338,0.218567
id22836,0.474517,0.288927,0.236556
id15085,0.332371,0.379578,0.288051
id17495,0.459476,0.275245,0.265278
id26762,0.444513,0.234569,0.320918
id13685,0.453803,0.261951,0.284246
id16560,0.415125,0.327877,0.256997
id17184,0.333879,0.399361,0.26676
id21635,0.43863,0.27393,0.287441
id26751,0.357233,0.358114,0.284653
id12351,0.404894,0.35742,0.237686
id14872,0.449271,0.292542,0.258187
id18372,0.442453,0.321122,0.236425
id26851,0.3935,0.264278,0.342221
id22659,0.376188,0.314472,0.30934
id04102,0.366162,0.271892,0.361946
id02353,0.325056,0.391286,0.283658
id26721,0.415029,0.352625,0.232346
id11171,0.424139,0.31148,0.264381
id13562,0.403862,0.307126,0.289012
id26425,0.359655,0.264034,0.376311
id26394,0.396472,0.277725,0.325804
id22187,0.485088,0.251781,0.263131
id00422,0.424488,0.334988,0.240524
id22667,0.351346,0.409601,0.239053
id00911,0.4277,0.225963,0.346337
id17291,0.442947,0.221539,0.335514
id01915,0.338258,0.386215,0.275526
id01434,0.399986,0.247088,0.352926
id01584,0.475408,0.319387,0.205205
id09266,0.40604,0.326716,0.267245
id17494,0.311458,0.34244,0.346102
id24919,0.470751,0.268241,0.261008
id21043,0.363391,0.249934,0.386675
id17796,0.414245,0.306501,0.279254
id02166,0.392443,0.233905,0.373652
id17503,0.376976,0.277402,0.345622
id21203,0.456961,0.277362,0.265677
id25626,0.42237,0.342776,0.234854
id09836,0.460149,0.249685,0.290166
id24202,0.326189,0.348476,0.325335
id27260,0.452007,0.232765,0.315229
id23167,0.355386,0.318112,0.326503
id10393,0.4071,0.351998,0.240902
id01171,0.408763,0.300199,0.291039
id06380,0.39794,0.322769,0.279291
id22686,0.42563,0.286778,0.287592
id26250,0.469935,0.235974,0.294091
id09315,0.377069,0.344368,0.278563
id00886,0.379509,0.35848,0.262012
id03101,0.445802,0.342228,0.21197
id12367,0.42736,0.266956,0.305684
id10770,0.465287,0.326385,0.208328
id14949,0.416613,0.263852,0.319534
id14141,0.415531,0.365159,0.219311
id25417,0.388268,0.343609,0.268123
id26873,0.407224,0.352503,0.240273
id10818,0.366399,0.233764,0.399837
id15146,0.461941,0.27004,0.268019
id23328,0.470617,0.27688,0.252502
id16765,0.357837,0.337539,0.304624
id24383,0.358272,0.310201,0.331527
id21304,0.454955,0.325446,0.219599
id12551,0.348647,0.397506,0.253847
id23274,0.328017,0.36345,0.308532
id08117,0.462246,0.265434,0.27232
id23961,0.347318,0.234279,0.418403
id13865,0.380585,0.334475,0.28494
id22807,0.386666,0.335413,0.277921
id08951,0.415191,0.232967,0.351842
id18684,0.526988,0.284361,0.188651
id25179,0.436632,0.303002,0.260366
id27033,0.366744,0.249821,0.383435
id13977,0.390125,0.315818,0.294057
id19337,0.302543,0.407055,0.290401
id25764,0.376457,0.324126,0.299417
id16106,0.445128,0.307998,0.246874
id05468,0.366196,0.275278,0.358526
id05241,0.419035,0.262608,0.318357
id10215,0.350135,0.351809,0.298056
id23457,0.353714,0.328776,0.31751
id02200,0.439772,0.290325,0.269903
id13714,0.37124,0.302223,0.326537
id20332,0.359373,0.340179,0.300447
id18573,0.323711,0.330506,0.345783
id08569,0.43352,0.30627,0.26021
id22767,0.436831,0.276576,0.286592
id25390,0.352921,0.365655,0.281424
id09288,0.440539,0.252784,0.306678
id12381,0.404818,0.352311,0.242872
id02895,0.354509,0.252611,0.392881
id25270,0.332454,0.303193,0.364354
id14248,0.428807,0.216477,0.354715
id12831,0.425764,0.307127,0.267109
id18305,0.447459,0.233421,0.31912
id07805,0.408676,0.309167,0.282157
id14027,0.388936,0.293282,0.317782
id02760,0.507884,0.27697,0.215146
id24362,0.451554,0.331016,0.21743
id17065,0.397234,0.361968,0.240797
id26583,0.364769,0.372603,0.262628
id19664,0.406185,0.351569,0.242246
id25145,0.412854,0.345878,0.241267
id17858,0.38119,0.317804,0.301006
id05148,0.368336,0.405451,0.226213
id22928,0.452362,0.304269,0.243369
id21549,0.382599,0.293822,0.323579
id12649,0.395582,0.307343,0.297075
id21597,0.489678,0.281521,0.228802
id27945,0.393854,0.360518,0.245629
id00243,0.490291,0.301226,0.208484
id02745,0.446015,0.333819,0.220166
id23550,0.350426,0.243041,0.406533
id13023,0.458173,0.276086,0.26574
id24796,0.393606,0.319351,0.287043
id12284,0.355364,0.389729,0.254907
id02664,0.305894,0.389417,0.304689
id23767,0.393221,0.296618,0.310161
id05859,0.398807,0.355601,0.245592
id14350,0.446014,0.309933,0.244053
id01191,0.291401,0.381047,0.327552
id17034,0.458943,0.328658,0.2124
id25292,0.402666,0.334583,0.262751
id22121,0.438096,0.288138,0.273766
id20872,0.481599,0.236766,0.281635
id17720,0.381269,0.326686,0.292046
id22658,0.411127,0.359408,0.229465
id09567,0.354744,0.371071,0.274185
id16445,0.466125,0.300163,0.233712
id08349,0.294635,0.247534,0.457831
id27437,0.361915,0.379028,0.259056
id03812,0.399943,0.326128,0.273928
id22304,0.41376,0.358843,0.227397
id04449,0.385122,0.381053,0.233825
id15605,0.303459,0.338906,0.357635
id01768,0.488626,0.291846,0.219528
id20019,0.444811,0.304546,0.250643
id09593,0.336748,0.370636,0.292616
id23179,0.293356,0.271192,0.435453
id21279,0.498841,0.26098,0.240179
id06711,0.343885,0.27236,0.383755
id14243,0.356356,0.33219,0.311454
id04839,0.341726,0.274405,0.383869
id17220,0.379803,0.373887,0.24631
id24177,0.457308,0.307288,0.235405
id20512,0.386993,0.331729,0.281278
id14036,0.336735,0.412356,0.250909
id25001,0.340866,0.340741,0.318393
id06175,0.352373,0.387399,0.260228
id24720,0.441241,0.29535,0.263409
id08070,0.356998,0.308854,0.334148
id18934,0.420763,0.34411,0.235127
id01338,0.483802,0.275652,0.240547
id19008,0.372841,0.365495,0.261664
id19632,0.426577,0.300431,0.272992
id26224,0.349699,0.349183,0.301119
id08219,0.427657,0.252935,0.319408
id24008,0.346828,0.250515,0.402658
id12475,0.387802,0.371847,0.240351
id05766,0.446452,0.320961,0.232587
id27386,0.381176,0.319705,0.299118
id12476,0.327594,0.38289,0.289516
id08311,0.426995,0.352009,0.220996
id04996,0.442441,0.301133,0.256426
id17350,0.372448,0.274558,0.352994
id05546,0.362736,0.415964,0.2213
id16504,0.366513,0.312251,0.321236
id05782,0.323218,0.203885,0.472896
id20560,0.402566,0.223848,0.373586
id14171,0.362526,0.223502,0.413973
id27461,0.285254,0.306241,0.408506
id03581,0.344094,0.336422,0.319485
id21847,0.360433,0.29211,0.347456
id11712,0.389628,0.325277,0.285095
id26738,0.318193,0.34674,0.335067
id13668,0.35741,0.353602,0.288988
id15114,0.444176,0.292587,0.263236
id20130,0.424581,0.251656,0.323763
id18331,0.427508,0.331195,0.241297
id24465,0.526701,0.28196,0.191339
id13539,0.374203,0.316923,0.308874
id27564,0.398127,0.360125,0.241748
id26043,0.384439,0.267154,0.348407
id04965,0.38743,0.254229,0.358341
id08645,0.348827,0.321196,0.329977
id26610,0.44314,0.221177,0.335683
id21737,0.441843,0.321495,0.236662
id25784,0.301537,0.405276,0.293187
id23030,0.419199,0.309628,0.271172
id16450,0.414007,0.383234,0.202759
id02161,0.484021,0.31048,0.205498
id25535,0.41176,0.328021,0.260219
id16566,0.439886,0.261986,0.298128
id05714,0.454394,0.250129,0.295477
id16524,0.386496,0.308292,0.305212
id23941,0.372119,0.367799,0.260082
id00831,0.33072,0.384912,0.284367
id18145,0.371186,0.259726,0.369087
id17227,0.40546,0.270862,0.323677
id09417,0.455108,0.227447,0.317445
id21307,0.405802,0.33453,0.259669
id05650,0.380355,0.346918,0.272727
id23901,0.503789,0.226757,0.269454
id05831,0.387327,0.269047,0.343627
id16708,0.404445,0.347265,0.248291
id02281,0.328218,0.250618,0.421164
id11599,0.465212,0.240582,0.294206
id18353,0.379832,0.309163,0.311005
id07413,0.331451,0.336224,0.332325
id15653,0.391983,0.322532,0.285485
id09715,0.385986,0.306271,0.307743
id05108,0.361826,0.348494,0.28968
id09537,0.401963,0.214727,0.38331
id27596,0.428979,0.248598,0.322423
id24255,0.352203,0.312904,0.334893
id05080,0.423881,0.262987,0.313132
id09484,0.410029,0.290646,0.299324
id14864,0.42721,0.249072,0.323718
id26836,0.431664,0.274974,0.293361
id07003,0.439709,0.355292,0.205
id13750,0.399798,0.318399,0.281803
id21799,0.39587,0.341772,0.262358
id11285,0.498,0.299525,0.202475
id04735,0.443395,0.312101,0.244504
id23049,0.289285,0.339958,0.370757
id05826,0.394774,0.314142,0.291084
id17916,0.406192,0.28903,0.304778
id14081,0.35698,0.220232,0.422787
id10527,0.329335,0.329379,0.341286
id16059,0.339811,0.388354,0.271835
id25542,0.399699,0.31524,0.285061
id05402,0.402707,0.286368,0.310925
id01927,0.468341,0.296327,0.235332
id27656,0.416818,0.314809,0.268374
id06708,0.372494,0.282516,0.34499
id03524,0.383544,0.365909,0.250547
id12297,0.373066,0.318393,0.30854
id03439,0.44394,0.367662,0.188398
id04587,0.357292,0.354703,0.288005
id25470,0.400802,0.322818,0.27638
id01212,0.38162,0.338701,0.279678
id13932,0.403494,0.315396,0.28111
id00124,0.382434,0.289168,0.328397
id01592,0.321472,0.332832,0.345696
id13461,0.411237,0.367285,0.221479
id24681,0.400505,0.326371,0.273123
id23245,0.370271,0.239358,0.390371
id14073,0.382924,0.293061,0.324016
id05172,0.354723,0.309634,0.335643
id21979,0.446865,0.256973,0.296163
id00328,0.430185,0.224325,0.34549
id26102,0.507141,0.266264,0.226594
id14867,0.320072,0.248269,0.431659
id27544,0.37032,0.337595,0.292085
id16228,0.385969,0.25022,0.363811
id16342,0.382723,0.338936,0.278341
id24933,0.473729,0.290053,0.236218
id04601,0.377307,0.349617,0.273076
id01599,0.332916,0.328637,0.338447
id06238,0.407795,0.317551,0.274654
id06826,0.339537,0.295276,0.365187
id23307,0.40746,0.314025,0.278514
id13575,0.462878,0.289378,0.247743
id24174,0.366914,0.25321,0.379876
id19534,0.336527,0.233411,0.430061
id19602,0.377031,0.355921,0.267048
id26962,0.351988,0.312881,0.33513
id04448,0.39759,0.329572,0.272838
id09786,0.380244,0.321051,0.298704
id25240,0.423826,0.34281,0.233365
id14893,0.434346,0.318694,0.24696
id24221,0.38807,0.334503,0.277427
id04696,0.404341,0.276892,0.318767
id15153,0.405591,0.343454,0.250955
id13882,0.337438,0.362674,0.299889
id17836,0.339245,0.366661,0.294093
id00574,0.348556,0.390661,0.260783
id02078,0.375666,0.32238,0.301954
id21206,0.377144,0.374307,0.248549
id20084,0.441466,0.277411,0.281123
id26598,0.363306,0.306287,0.330408
id06838,0.415912,0.245784,0.338304
id08786,0.370599,0.282322,0.347079
id09550,0.379963,0.252832,0.367205
id10206,0.483343,0.289572,0.227085
id21113,0.376382,0.285966,0.337652
id21151,0.403893,0.35541,0.240697
id02692,0.477727,0.286781,0.235492
id26446,0.499487,0.23617,0.264343
id07377,0.454141,0.273919,0.271941
id15998,0.378167,0.262252,0.359581
id19637,0.409633,0.247788,0.342579
id19735,0.421095,0.356336,0.22257
id13739,0.410014,0.281942,0.308044
id25175,0.41805,0.287857,0.294093
id00563,0.428776,0.28198,0.289245
id09982,0.422271,0.275843,0.301885
id15459,0.395838,0.321307,0.282855
id20785,0.336115,0.200411,0.463474
id07145,0.367331,0.328158,0.304512
id22204,0.372426,0.358607,0.268967
id09285,0.407382,0.283181,0.309438
id18157,0.384315,0.306046,0.309639
id12134,0.377116,0.347663,0.275221
id23914,0.460655,0.337374,0.201971
id10483,0.464809,0.247951,0.28724
id07092,0.514497,0.271057,0.214446
id14786,0.349311,0.356177,0.294512
id25741,0.425312,0.292882,0.281806
id09050,0.379345,0.329523,0.291132
id04938,0.461989,0.305297,0.232715
id05901,0.391854,0.392043,0.216103
id16975,0.306032,0.368379,0.325589
id08547,0.40267,0.283831,0.3135
id16355,0.37948,0.304319,0.316201
id14568,0.341507,0.297042,0.361452
id25599,0.348005,0.325606,0.326389
id01670,0.319124,0.28038,0.400497
id23945,0.385994,0.35728,0.256726
id17394,0.318305,0.274453,0.407242
id06501,0.453745,0.277197,0.269058
id26234,0.397968,0.279202,0.322831
id21280,0.427034,0.213051,0.359915
id20048,0.322969,0.295724,0.381308
id01216,0.332121,0.39215,0.275729
id25320,0.452126,0.266835,0.28104
id22833,0.389545,0.35169,0.258765
id22056,0.406661,0.272152,0.321187
id02275,0.330886,0.308363,0.36075
id26127,0.47652,0.300465,0.223015
id17011,0.372978,0.332407,0.294615
id13847,0.414128,0.315229,0.270643
id00013,0.340112,0.372786,0.287102
id16463,0.413477,0.310605,0.275918
id04845,0.359991,0.281578,0.35843
id01787,0.444336,0.30018,0.255484
id08637,0.360917,0.349153,0.289929
id11414,0.385754,0.241636,0.37261
id13177,0.348078,0.358903,0.293018
id24517,0.407446,0.301621,0.290933
id26838,0.36036,0.306054,0.333586
id23081,0.344397,0.375495,0.280107
id16327,0.407263,0.322745,0.269992
id27282,0.375105,0.33559,0.289305
id07489,0.331227,0.323132,0.345642
id01718,0.291777,0.331975,0.376249
id15441,0.376235,0.28389,0.339875
id27736,0.362322,0.311654,0.326024
id16324,0.32424,0.387871,0.287889
id12027,0.348025,0.27789,0.374085
id24653,0.416753,0.338101,0.245146
id17541,0.374478,0.26871,0.356813
id22406,0.311748,0.357766,0.330486
id18356,0.462245,0.30032,0.237435
id04505,0.454481,0.253437,0.292082
id04246,0.346352,0.340601,0.313048
id07368,0.370424,0.343321,0.286255
id26185,0.335665,0.264158,0.400176
id08878,0.292749,0.398494,0.308756
id27691,0.299882,0.249375,0.450743
id18004,0.347362,0.297415,0.355224
id24426,0.39009,0.326208,0.283702
id14164,0.453995,0.251142,0.294863
id12653,0.339141,0.337883,0.322976
id18060,0.410492,0.302194,0.287313
id18556,0.480783,0.232039,0.287178
id27371,0.404813,0.326978,0.268209
id11989,0.328413,0.310291,0.361296
id26095,0.366761,0.374505,0.258735
id24978,0.373503,0.29088,0.335617
id20322,0.340948,0.283698,0.375354
id01954,0.371546,0.349677,0.278777
id07434,0.447178,0.23036,0.322461
id18144,0.33437,0.287795,0.377835
id16250,0.423582,0.341214,0.235204
id17793,0.338454,0.3359,0.325646
id24067,0.40647,0.26499,0.32854
id13891,0.265309,0.209136,0.525555
id07334,0.433539,0.273187,0.293274
id15633,0.371668,0.299425,0.328907
id23239,0.3581,0.306902,0.334999
id10674,0.311103,0.346553,0.342344
id22093,0.488411,0.239938,0.271651
id08444,0.356091,0.265813,0.378096
id03257,0.402328,0.262051,0.335621
id10040,0.416267,0.315271,0.268462
id04902,0.390461,0.276845,0.332694
id01219,0.385581,0.320934,0.293485
id01340,0.564367,0.257137,0.178496
id05117,0.361618,0.358982,0.2794
id04908,0.331013,0.242173,0.426814
id03626,0.373263,0.265841,0.360896
id01888,0.447187,0.294664,0.258148
id17199,0.364662,0.218022,0.417316
id11200,0.436871,0.274437,0.288692
id27561,0.377547,0.201604,0.420849
id20966,0.364672,0.426304,0.209024
id10257,0.337396,0.381464,0.28114
id21168,0.397843,0.317201,0.284956
id23363,0.311782,0.27834,0.409878
id05321,0.368083,0.225136,0.406781
id09928,0.352823,0.329168,0.318009
id18015,0.420614,0.292134,0.287252
id02082,0.377865,0.397693,0.224442
id19279,0.466527,0.297258,0.236215
id08541,0.469346,0.344538,0.186117
id15249,0.321826,0.370776,0.307398
id03609,0.360111,0.314253,0.325636
id22902,0.386814,0.35193,0.261256
id17733,0.473685,0.287843,0.238472
id07554,0.293918,0.282335,0.423748
id14120,0.371589,0.293403,0.335008
id21802,0.376198,0.352558,0.271244
id15614,0.329624,0.33972,0.330656
id19437,0.331909,0.217335,0.450756
id22698,0.444446,0.309546,0.246008
id21841,0.346848,0.325031,0.32812
id16177,0.462671,0.339218,0.198111
id15887,0.409983,0.341264,0.248753
id22629,0.448488,0.231765,0.319747
id10346,0.44283,0.303105,0.254066
id05154,0.48793,0.288566,0.223505
id22913,0.482462,0.323278,0.19426
id10544,0.354164,0.337398,0.308438
id08703,0.418132,0.374788,0.20708
id12817,0.418743,0.287814,0.293443
id25433,0.423011,0.306789,0.2702
id25112,0.326984,0.284856,0.38816
id05054,0.370451,0.332391,0.297157
id02311,0.411305,0.321188,0.267507
id22160,0.387489,0.289587,0.322924
id17422,0.401452,0.310221,0.288327
id18985,0.421044,0.282279,0.296677
id21905,0.358503,0.297706,0.343791
id17474,0.414528,0.299397,0.286075
id15236,0.402905,0.355408,0.241687
id13964,0.358001,0.301542,0.340456
id15962,0.359998,0.408687,0.231315
id20866,0.367658,0.253798,0.378544
id06625,0.409635,0.259852,0.330513
id09793,0.463301,0.235406,0.301292
id17365,0.330046,0.400424,0.26953
id18463,0.369295,0.344538,0.286166
id20693,0.335598,0.365494,0.298908
id08785,0.340298,0.317492,0.342211
id06783,0.417112,0.316096,0.266791
id23178,0.341868,0.279542,0.37859
id13513,0.31171,0.380044,0.308246
id25361,0.331385,0.31039,0.358225
id22319,0.331084,0.286675,0.38224
id14024,0.449916,0.319228,0.230855
id24186,0.406114,0.33937,0.254517
id20965,0.474404,0.319955,0.20564
id06242,0.407825,0.306652,0.285522
id25665,0.346005,0.35841,0.295584
id09706,0.353222,0.322456,0.324322
id11026,0.360637,0.415603,0.22376
id04223,0.415362,0.353032,0.231606
id19674,0.372081,0.362139,0.26578
id23420,0.30761,0.356355,0.336035
id18059,0.415248,0.303884,0.280867
id22576,0.454651,0.251158,0.294191
id18495,0.364637,0.316802,0.318561
id14139,0.408413,0.282247,0.30934
id18313,0.364587,0.303023,0.33239
id27356,0.379857,0.314586,0.305557
id16035,0.36759,0.358156,0.274254
id04182,0.367197,0.350946,0.281857
id15667,0.397552,0.334855,0.267594
id08713,0.37491,0.336493,0.288596
id25563,0.301489,0.410674,0.287837
id17023,0.434759,0.298284,0.266957
id03014,0.342603,0.379504,0.277893
id23812,0.377294,0.34495,0.277756
id20057,0.417158,0.259768,0.323074
id12385,0.48933,0.311354,0.199316
id24416,0.365644,0.34457,0.289786
id15672,0.372077,0.34945,0.278473
id13868,0.41013,0.307628,0.282241
id21095,0.316048,0.339313,0.344639
id05305,0.336256,0.304848,0.358896
id15384,0.36583,0.307535,0.326636
id14049,0.341315,0.281868,0.376818
id23441,0.43003,0.31995,0.250019
id12856,0.390047,0.276656,0.333297
id16055,0.312572,0.381485,0.305943
id24771,0.41409,0.298523,0.287388
id14053,0.386868,0.292754,0.320378
id19547,0.376622,0.296283,0.327096
id03639,0.341362,0.257727,0.400911
id14546,0.395338,0.324492,0.28017
id13935,0.405764,0.328806,0.26543
id20335,0.457575,0.356232,0.186193
id07301,0.375799,0.319882,0.304319
id10186,0.468775,0.234356,0.296869
id00192,0.431601,0.296773,0.271627
id17851,0.400096,0.315808,0.284096
id08403,0.324984,0.378582,0.296434
id06183,0.403414,0.278747,0.317839
id24738,0.331725,0.394646,0.273628
id15112,0.427813,0.259542,0.312645
id19819,0.365369,0.324988,0.309644
id17722,0.350727,0.333463,0.31581
id24273,0.303304,0.284119,0.412576
id18939,0.304364,0.247127,0.448509
id16076,0.400825,0.328955,0.27022
id23158,0.279793,0.324471,0.395735
id12745,0.424188,0.329997,0.245815
id22538,0.358585,0.338454,0.302961
id14975,0.42114,0.308967,0.269893
id27537,0.412604,0.328319,0.259078
id06632,0.32334,0.204041,0.472619
id08100,0.42263,0.313036,0.264333
id00843,0.469423,0.29094,0.239637
id22159,0.314055,0.259383,0.426562
id18672,0.448439,0.2407,0.310861
id06916,0.458064,0.32743,0.214506
id22212,0.495993,0.295454,0.208552
id00273,0.329586,0.259998,0.410416
id26325,0.45052,0.314068,0.235412
id23683,0.420549,0.369573,0.209878
id14419,0.358697,0.28187,0.359432
id11931,0.405932,0.345117,0.248952
id00568,0.350531,0.374255,0.275214
id12271,0.44225,0.326719,0.231031
id12622,0.432657,0.292117,0.275227
id03156,0.344242,0.30728,0.348478
id25592,0.457274,0.295104,0.247622
id24367,0.436372,0.298853,0.264775
id16007,0.392238,0.348285,0.259477
id04785,0.456268,0.315315,0.228417
id07888,0.394987,0.32705,0.277963
id13557,0.352721,0.400924,0.246355
id20726,0.431559,0.27809,0.290351
id09580,0.475221,0.248463,0.276316
id05173,0.403596,0.34601,0.250394
id10394,0.370599,0.339519,0.289882
id03926,0.407549,0.312254,0.280197
id07264,0.510335,0.267293,0.222372
id01862,0.443289,0.306577,0.250133
id20808,0.391032,0.348339,0.26063
id26658,0.425799,0.251841,0.322361
id04479,0.470722,0.279803,0.249474
id17445,0.35831,0.348329,0.293361
id04430,0.375993,0.34024,0.283766
id06052,0.41899,0.281501,0.299509
id11485,0.41158,0.289402,0.299018
id13060,0.427406,0.28931,0.283284
id20873,0.421865,0.303222,0.274913
id21927,0.385086,0.388282,0.226632
id02736,0.355072,0.381274,0.263654
id11234,0.379249,0.29303,0.327722
id27894,0.469791,0.291814,0.238395
id23208,0.381868,0.296844,0.321288
id18470,0.342626,0.343008,0.314367
id23172,0.38571,0.314689,0.299601
id08752,0.472389,0.213615,0.313995
id14242,0.412908,0.317847,0.269245
id22908,0.410294,0.25612,0.333586
id17454,0.367265,0.384213,0.248522
id23797,0.483327,0.225571,0.291102
id03788,0.362671,0.386116,0.251213
id23682,0.374518,0.334734,0.290747
id07179,0.4206,0.274564,0.304835
id09746,0.366258,0.300433,0.333308
id26613,0.407331,0.237909,0.35476
id05142,0.411606,0.320385,0.268009
id04825,0.327209,0.401577,0.271214
id13691,0.432012,0.258775,0.309213
id14183,0.389694,0.197877,0.412429
id19519,0.345961,0.233525,0.420514
id26685,0.425588,0.210214,0.364198
id07937,0.373327,0.346333,0.28034
id10574,0.37068,0.336343,0.292977
id15310,0.378421,0.352229,0.269351
id27311,0.317226,0.241928,0.440845
id11590,0.413851,0.300844,0.285305
id19798,0.308949,0.346495,0.344556
id12201,0.378189,0.307028,0.314783
id12460,0.408115,0.253605,0.338279
id12019,0.445003,0.293556,0.261442
id08046,0.311689,0.271677,0.416634
id02989,0.368278,0.311225,0.320497
id26905,0.338246,0.30635,0.355405
id09779,0.485062,0.297204,0.217734
id04359,0.419807,0.264473,0.315719
id01526,0.471661,0.291112,0.237228
id22325,0.34895,0.399611,0.251439
id27878,0.353788,0.328476,0.317736
id06413,0.353914,0.389032,0.257053
id12616,0.365847,0.263651,0.370502
id05301,0.394945,0.347734,0.25732
id13258,0.38754,0.205222,0.407238
id08789,0.358048,0.358525,0.283428
id11776,0.377059,0.370422,0.252519
id21899,0.448752,0.321347,0.229901
id18108,0.346202,0.355221,0.298577
id23585,0.449765,0.308159,0.242076
id22122,0.362338,0.225022,0.412641
id22855,0.450615,0.261911,0.287474
id19551,0.398406,0.318943,0.282652
id18535,0.380928,0.375852,0.24322
id15115,0.386433,0.217511,0.396055
id00678,0.447799,0.211791,0.34041
id21876,0.315319,0.406953,0.277728
id01553,0.578937,0.210286,0.210777
id09456,0.386268,0.305312,0.30842
id01455,0.333292,0.401568,0.26514
id02454,0.328986,0.389934,0.28108
id07911,0.414507,0.206504,0.378989
