id,EAP,HPL,MWS
id02310,0.0889998,0.0521476,0.858853
id24541,0.821522,0.128771,0.0497073
id00134,0.10304,0.781442,0.115518
id27757,0.623113,0.256049,0.120838
id04081,0.645993,0.127161,0.226846
id27337,0.452718,0.431133,0.116149
id24265,0.931675,0.0463145,0.022011
id25917,0.133462,0.378106,0.488432
id04951,0.861613,0.119963,0.0184233
id14549,0.927531,0.0267168,0.0457523
id22505,0.11919,0.680495,0.200315
id24002,0.141334,0.514054,0.344612
id18982,0.0760904,0.107025,0.816884
id15181,0.0500489,0.921867,0.0280837
id21888,0.797647,0.111326,0.0910273
id12035,0.124888,0.00953245,0.86558
id17991,0.281231,0.0585408,0.660228
id10707,0.975303,0.0135205,0.0111769
id07101,0.5722,0.0898661,0.337934
id00345,0.812532,0.128614,0.0588547
id05912,0.773692,0.100953,0.125356
id13443,0.541636,0.290935,0.167429
id09248,0.512636,0.174939,0.312425
id17542,0.225502,0.611975,0.162523
id06995,0.1727,0.114721,0.712579
id25159,0.398619,0.158882,0.442499
id25729,0.593345,0.215403,0.191252
id26949,0.865833,0.0726412,0.0615258
id27191,0.239216,0.0413015,0.719483
id07668,0.218845,0.0882349,0.69292
id02230,0.291207,0.248978,0.459815
id15553,0.828121,0.0805216,0.0913573
id25688,0.0493268,0.829643,0.121031
id17545,0.699664,0.206725,0.0936106
id13929,0.449642,0.166496,0.383862
id12880,0.470428,0.35963,0.169942
id19282,0.57192,0.192023,0.236058
id14690,0.00528502,0.00947182,0.985243
id17975,0.481303,0.315957,0.20274
id08037,0.868994,0.0392283,0.0917775
id15412,0.503384,0.0249292,0.471686
id25032,0.359212,0.0720559,0.568732
id27165,0.878095,0.0657323,0.0561728
id03327,0.569367,0.301084,0.129549
id18515,0.772083,0.13923,0.0886877
id21003,0.350181,0.253175,0.396644
id23855,0.0507598,0.78897,0.16027
id20724,0.824634,0.0483589,0.127007
id13303,0.626624,0.180584,0.192791
id16521,0.0924499,0.319235,0.588315
id20775,0.90895,0.0490361,0.0420144
id13029,0.752387,0.147187,0.100427
id14660,0.637215,0.218049,0.144736
id11028,0.0254071,0.00279406,0.971799
id14180,0.912104,0.0542783,0.0336174
id25860,0.890101,0.0715458,0.0383533
id11910,0.500043,0.0403191,0.459638
id08065,0.115131,0.0655457,0.819324
id22674,0.226486,0.195629,0.577884
id25018,0.590251,0.0764308,0.333318
id10892,0.230076,0.683637,0.0862873
id10217,0.287994,0.600695,0.11131
id12996,0.247855,0.0357797,0.716365
id18262,0.467871,0.172367,0.359762
id08606,0.382397,0.398712,0.218891
id17233,0.81249,0.0819813,0.105529
id00101,0.671189,0.229911,0.0988997
id12225,0.67669,0.191691,0.131619
id01364,0.343814,0.609986,0.0461999
id24973,0.652004,0.0179786,0.330018
id25363,0.509869,0.0465643,0.443567
id10061,0.401224,0.108537,0.490239
id17673,0.363872,0.339765,0.296363
id13249,0.232341,0.181502,0.586158
id10107,0.0688878,0.0493692,0.881743
id04403,0.674733,0.15918,0.166087
id25728,0.555042,0.2582,0.186758
id16184,0.222203,0.282466,0.495331
id03438,0.0496246,0.0226753,0.9277
id22923,0.132131,0.807656,0.0602129
id08610,0.848714,0.0547139,0.0965718
id25355,0.134427,0.193151,0.672423
id16916,0.295574,0.601405,0.103021
id12793,0.153728,0.729997,0.116275
id11859,0.414802,0.114192,0.471006
id02434,0.904834,0.0651939,0.0299724
id27703,0.127652,0.021166,0.851182
id25212,0.196626,0.656175,0.147199
id11308,0.0385332,0.0784081,0.883059
id26094,0.624231,0.220753,0.155016
id22080,0.796899,0.178743,0.0243575
id03545,0.905839,0.0599595,0.0342013
id23725,0.0851703,0.179152,0.735678
id12009,0.690912,0.187465,0.121623
id24241,0.421111,0.342128,0.236761
id03596,0.244007,0.673748,0.0822447
id10749,0.224007,0.583521,0.192472
id22794,0.0413558,0.127037,0.831607
id15482,0.344509,0.239306,0.416185
id04833,0.445352,0.341038,0.21361
id00397,0.26292,0.0851285,0.651951
id14691,0.170469,0.451886,0.377645
id05193,0.160269,0.0877299,0.752001
id19541,0.561621,0.321604,0.116776
id22166,0.0631626,0.0296238,0.907214
id20744,0.0711681,0.0139578,0.914874
id10392,0.072029,0.274682,0.653289
id00770,0.778491,0.101334,0.120175
id06018,0.837809,0.104123,0.0580682
id15678,0.4292,0.120712,0.450089
id08305,0.643715,0.299021,0.0572646
id08903,0.0969803,0.0115765,0.891443
id14752,0.515795,0.345963,0.138241
id12468,0.269579,0.681665,0.0487561
id05085,0.577822,0.314724,0.107454
id21993,0.134687,0.0357297,0.829583
id15503,0.712389,0.210817,0.0767937
id03021,0.0424955,0.847071,0.110433
id16123,0.798996,0.11315,0.0878535
id19383,0.859445,0.0918013,0.0487538
id04186,0.866253,0.0316955,0.102051
id17954,0.0262122,0.0628963,0.910891
id12030,0.117228,0.00648505,0.876286
id13020,0.586919,0.316596,0.096485
id25327,0.0669819,0.56749,0.365528
id16344,0.348764,0.243771,0.407465
id12303,0.613764,0.280191,0.106044
id15017,0.781389,0.157663,0.0609487
id22308,0.283112,0.20211,0.514778
id06536,0.142679,0.420377,0.436944
id19797,0.119918,0.564475,0.315607
id06332,0.198562,0.595148,0.20629
id22941,0.16342,0.383106,0.453475
id13547,0.0294374,0.520152,0.450411
id06928,0.284774,0.0170342,0.698191
id12521,0.4353,0.467116,0.0975845
id25716,0.374243,0.0123753,0.613382
id27116,0.000544875,0.000507101,0.998948
id19941,0.424595,0.452598,0.122807
id05711,0.050164,0.0450562,0.90478
id02097,0.0755166,0.172733,0.751751
id03563,0.126903,0.812143,0.0609538
id02295,0.600053,0.255,0.144947
id08179,0.612787,0.116555,0.270658
id05332,0.233615,0.574256,0.192129
id15697,0.277537,0.426417,0.296047
id17026,0.581347,0.115801,0.302852
id04243,0.277542,0.664814,0.0576443
id13175,0.748333,0.0823113,0.169356
id05387,0.509733,0.250056,0.240211
id19989,0.589326,0.281175,0.129499
id25173,0.19387,0.306503,0.499627
id08925,0.403372,0.514687,0.0819408
id03034,0.16349,0.686223,0.150286
id13272,0.0482855,0.868167,0.0835479
id07956,0.458655,0.0261488,0.515196
id02648,0.00486532,0.00666324,0.988472
id01778,0.0629564,0.0429253,0.894118
id12846,0.0914796,0.0606118,0.847909
id19001,0.530919,0.118196,0.350885
id05763,0.717516,0.155035,0.12745
id15590,0.0343309,0.0185938,0.947075
id04912,0.453082,0.300494,0.246424
id21201,0.739178,0.166173,0.0946487
id13215,0.95493,0.00512543,0.0399451
id15612,0.263369,0.5659,0.170731
id18501,0.331249,0.313024,0.355726
id07223,0.554708,0.26228,0.183011
id06707,0.279954,0.351777,0.368269
id05238,0.0404177,0.933479,0.0261037
id00935,0.178607,0.461014,0.360378
id00110,0.359943,0.181537,0.45852
id17476,0.655431,0.18825,0.156319
id15170,0.652105,0.258747,0.0891488
id13397,0.357865,0.114205,0.52793
id24283,0.657118,0.234145,0.108737
id15234,0.93716,0.0391329,0.0237066
id16884,0.448482,0.387381,0.164137
id07831,0.489903,0.309851,0.200247
id16038,0.778685,0.131678,0.0896373
id03629,0.885693,0.0619752,0.0523316
id21019,0.841658,0.104885,0.0534575
id21835,0.125179,0.194905,0.679915
id04480,0.243151,0.702224,0.0546249
id20838,0.757607,0.122511,0.119882
id24195,0.548602,0.128056,0.323342
id05448,0.666672,0.211623,0.121705
id15957,0.136985,0.799774,0.063241
id19956,0.0302041,0.00452232,0.965273
id15104,0.133234,0.13435,0.732415
id17559,0.503497,0.272884,0.223619
id16839,0.254803,0.121462,0.623735
id14493,0.540272,0.0701435,0.389585
id08833,0.661261,0.0945225,0.244217
id15723,0.0485605,0.0103972,0.941042
id02716,0.811204,0.0604164,0.128379
id06689,0.3227,0.57748,0.0998205
id18837,0.172611,0.0480028,0.779386
id04466,0.741033,0.148318,0.110649
id00686,0.564332,0.242156,0.193512
id09010,0.210878,0.691156,0.0979657
id23353,0.946991,0.0127189,0.0402899
id00066,0.535536,0.326174,0.13829
id15724,0.405071,0.419172,0.175758
id23486,0.328007,0.114285,0.557708
id22258,0.0709892,0.105614,0.823396
id02292,0.530135,0.145626,0.324239
id16356,0.514792,0.215898,0.26931
id00235,0.676094,0.1212,0.202706
id25522,0.214028,0.0930533,0.692919
id04204,0.0745962,0.886497,0.0389064
id22016,0.585702,0.0838675,0.330431
id06480,0.184376,0.763451,0.0521727
id08718,0.12535,0.00636296,0.868287
id05251,0.106363,0.829601,0.0640355
id03359,0.493213,0.230019,0.276768
id16117,0.0520803,0.030454,0.917466
id17000,0.0341401,0.909257,0.0566033
id01730,0.213632,0.684936,0.101432
id00630,0.926185,0.0537489,0.0200665
id18175,0.0857118,0.0443602,0.869928
id00907,0.488006,0.287225,0.224769
id18251,0.0652239,0.895104,0.0396723
id25861,0.429202,0.365609,0.205189
id00398,0.611061,0.277041,0.111899
id27573,0.866613,0.0533312,0.0800559
id10022,0.0645214,0.721754,0.213724
id15901,0.22182,0.0568103,0.72137
id00451,0.144341,0.264863,0.590795
id23129,0.158911,0.786544,0.0545451
id26498,0.562061,0.261143,0.176796
id14741,0.666553,0.148542,0.184905
id18453,0.285623,0.088706,0.625671
id08309,0.619671,0.296092,0.0842363
id00320,0.922092,0.0447384,0.0331694
id07688,0.200577,0.171385,0.628038
id01556,0.0532468,0.0350138,0.911739
id00178,0.405616,0.271134,0.32325
id18902,0.081179,0.258257,0.660564
id27002,0.3275,0.627136,0.0453636
id21418,0.861619,0.0950387,0.0433421
id23018,0.272042,0.270197,0.457761
id07032,0.414764,0.0777368,0.507499
id16195,0.529478,0.260176,0.210346
id11202,0.256343,0.607029,0.136628
id09578,0.756665,0.0645953,0.178739
id26984,0.742138,0.0361437,0.221718
id19856,0.109592,0.855356,0.0350528
id12086,0.5409,0.180871,0.278228
id12052,0.118854,0.0445913,0.836555
id17728,0.00240361,0.00839414,0.989202
id24608,0.284812,0.203642,0.511546
id21097,0.292226,0.157037,0.550738
id20179,0.0308856,0.602058,0.367057
id15144,0.577248,0.168699,0.254052
id00206,0.861184,0.0787648,0.0600513
id22285,0.263916,0.127436,0.608648
id06417,0.415086,0.406265,0.178648
id00215,0.0565901,0.923907,0.0195025
id04201,0.202681,0.159632,0.637687
id21771,0.795057,0.0876317,0.117312
id12451,0.229779,0.456927,0.313294
id14250,0.219107,0.542221,0.238672
id03433,0.409682,0.430622,0.159696
id03303,0.0886704,0.035356,0.875974
id25901,0.233587,0.382089,0.384324
id06945,0.609504,0.230101,0.160395
id05664,0.791559,0.101484,0.106957
id05741,0.827949,0.0928995,0.0791513
id10652,0.924874,0.0418948,0.033231
id16300,0.720753,0.137763,0.141484
id12319,0.642188,0.167017,0.190795
id07500,0.130602,0.785549,0.0838493
id12478,0.271442,0.346187,0.382371
id03076,0.141806,0.0207186,0.837475
id00969,0.425191,0.435077,0.139732
id23636,0.143217,0.81869,0.0380924
id09791,0.197384,0.295834,0.506782
id05680,0.114937,0.657261,0.227802
id03672,0.120518,0.491435,0.388047
id04286,0.0645811,0.750533,0.184886
id23883,0.235563,0.476222,0.288214
id11914,0.356544,0.029331,0.614125
id20974,0.185329,0.76227,0.0524003
id26125,0.490433,0.171975,0.337592
id15543,0.273989,0.0403074,0.685704
id19471,0.918733,0.0581395,0.0231273
id11503,0.622812,0.242011,0.135177
id09321,0.107782,0.633978,0.25824
id25560,0.010155,0.0370822,0.952763
id06726,0.278148,0.312022,0.409831
id05709,0.509608,0.0230208,0.467371
id09788,0.187397,0.480718,0.331885
id05289,0.846686,0.10346,0.0498535
id11815,0.0456762,0.941895,0.0124287
id22422,0.56529,0.0913442,0.343366
id25954,0.402776,0.281508,0.315717
id13601,0.662511,0.109962,0.227527
id05677,0.513447,0.262681,0.223872
id10498,0.218929,0.683341,0.0977299
id02665,0.624331,0.299148,0.0765214
id10114,0.190378,0.621,0.188622
id26314,0.799725,0.0729167,0.127358
id21240,0.470669,0.213029,0.316302
id15569,0.866594,0.106852,0.0265545
id25928,0.395721,0.201203,0.403076
id22706,0.194066,0.735635,0.070299
id20877,0.0239644,0.903155,0.0728801
id04318,0.885465,0.0525192,0.0620155
id18299,0.492028,0.230366,0.277606
id08126,0.0520523,0.0495105,0.898437
id14293,0.358376,0.0973629,0.544261
id12759,0.769054,0.030929,0.200017
id11983,0.543718,0.229887,0.226395
id05580,0.178798,0.509221,0.311981
id25846,0.489255,0.377871,0.132874
id01939,0.529971,0.108184,0.361845
id26327,0.286614,0.329579,0.383807
id11068,0.0489811,0.00378553,0.947233
id08404,0.813101,0.082955,0.103944
id27189,0.733701,0.152548,0.11375
id15119,0.0968824,0.731159,0.171958
id26525,0.903334,0.0159894,0.0806771
id03618,0.411247,0.499573,0.08918
id27220,0.908315,0.0523053,0.0393796
id18777,0.0279446,0.00405096,0.968004
id20213,0.876734,0.0491236,0.0741425
id20403,0.740639,0.144203,0.115157
id03777,0.280705,0.196017,0.523279
id10595,0.349253,0.436271,0.214476
id13816,0.394273,0.140463,0.465263
id05667,0.104083,0.0553946,0.840523
id24629,0.811337,0.0669282,0.121734
id20398,0.243969,0.320074,0.435957
id14108,0.0404765,0.020936,0.938588
id06196,0.0288965,0.919084,0.0520194
id02800,0.107809,0.790549,0.101642
id18732,0.0437473,0.835071,0.121181
id11915,0.0927884,0.816775,0.0904365
id09739,0.655628,0.185026,0.159346
id24672,0.593134,0.212405,0.194461
id00414,0.0680867,0.0829029,0.84901
id16307,0.404934,0.468859,0.126207
id14043,0.104871,0.0221262,0.873003
id00517,0.0186141,0.0196703,0.961716
id09744,0.447383,0.466433,0.0861847
id19257,0.916536,0.0315964,0.051868
id15437,0.664752,0.221382,0.113866
id16352,0.139596,0.14842,0.711984
id18849,0.44317,0.151471,0.405359
id19434,0.0147213,0.973716,0.0115631
id17928,0.304313,0.311464,0.384223
id16896,0.168783,0.0839058,0.747311
id02135,0.180679,0.387355,0.431966
id15075,0.821507,0.123238,0.055255
id27486,0.171771,0.750681,0.0775476
id19422,0.666634,0.241517,0.0918481
id09603,0.396525,0.403258,0.200217
id02133,0.309847,0.586029,0.104124
id03441,0.739523,0.0422454,0.218232
id02398,0.123076,0.802968,0.0739557
id05152,0.352473,0.126231,0.521297
id17838,0.578548,0.107799,0.313653
id25060,0.320755,0.561491,0.117754
id09998,0.290355,0.301553,0.408092
id01828,0.126633,0.704063,0.169305
id25377,0.445775,0.239629,0.314596
id22175,0.269715,0.650162,0.0801225
id02974,0.297811,0.138045,0.564144
id26955,0.882764,0.0765649,0.0406711
id21091,0.497415,0.106175,0.39641
id12802,0.757221,0.162414,0.0803646
id07432,0.0972613,0.77575,0.126989
id18749,0.201839,0.627919,0.170243
id15030,0.0210213,0.0559949,0.922984
id17155,0.160783,0.720083,0.119134
id08128,0.184888,0.577936,0.237176
id25706,0.0828891,0.689908,0.227203
id15645,0.911164,0.0357229,0.0531132
id04943,0.209282,0.725481,0.0652371
id27566,0.266467,0.355433,0.3781
id11765,0.210883,0.471923,0.317194
id13783,0.516753,0.283822,0.199425
id00492,0.161168,0.0593271,0.779505
id27636,0.274322,0.179256,0.546423
id04273,0.468023,0.362107,0.16987
id02537,0.341855,0.0728936,0.585251
id24349,0.509351,0.416757,0.0738923
id00023,0.034786,0.892801,0.0724127
id23025,0.207717,0.664215,0.128068
id08722,0.820571,0.0448981,0.134531
id02420,0.721433,0.202839,0.0757281
id10811,0.632042,0.129776,0.238182
id04019,0.301283,0.261803,0.436914
id18334,0.965687,0.021083,0.0132301
id16781,0.795349,0.138749,0.065902
id08773,0.650325,0.270313,0.0793615
id19214,0.754633,0.11426,0.131107
id09589,0.00410479,0.901879,0.0940158
id24246,0.626332,0.26286,0.110808
id23577,0.832853,0.145217,0.0219302
id09305,0.854498,0.0529427,0.0925591
id16460,0.637083,0.219766,0.143151
id21115,0.794978,0.084509,0.120513
id25996,0.304936,0.085565,0.609499
id02551,0.0984132,0.142836,0.758751
id19352,0.0609811,0.0649715,0.874047
id03806,0.0984043,0.0479206,0.853675
id26544,0.903916,0.026946,0.0691383
id18761,0.601115,0.238715,0.16017
id24148,0.228093,0.702643,0.0692644
id16095,0.138177,0.672775,0.189048
id18442,0.442582,0.285067,0.272351
id22596,0.000872155,0.00154871,0.997579
id23002,0.0450058,0.0662624,0.888732
id04797,0.91064,0.03871,0.0506495
id06610,0.506452,0.0479945,0.445553
id16173,0.283417,0.410176,0.306407
id18292,0.152158,0.366397,0.481445
id27328,0.904425,0.0581061,0.0374689
id01695,0.00421671,0.979199,0.016584
id05761,0.454065,0.13549,0.410446
id16354,0.667641,0.0329402,0.299419
id12207,0.185033,0.571585,0.243382
id05665,0.228113,0.159608,0.612279
id01911,0.757406,0.13685,0.105743
id19153,0.0957316,0.0571025,0.847166
id10295,0.311433,0.342385,0.346181
id23038,0.321069,0.512207,0.166725
id23783,0.340523,0.568012,0.0914642
id27879,0.777317,0.154012,0.0686718
id19190,0.0717896,0.900897,0.0273139
id05065,0.550942,0.1683,0.280759
id21296,0.252092,0.627178,0.12073
id13262,0.137519,0.251864,0.610617
id10333,0.492266,0.310475,0.19726
id16677,0.594326,0.240199,0.165475
id01392,0.212853,0.117508,0.669639
id27874,0.919673,0.0528124,0.0275143
id02294,0.101387,0.705444,0.193169
id18298,0.0970891,0.113715,0.789196
id06997,0.82502,0.0875188,0.087461
id05243,0.544316,0.176162,0.279522
id00860,0.141003,0.490921,0.368077
id26681,0.593931,0.293964,0.112105
id06020,0.0917269,0.0306055,0.877668
id27683,0.599487,0.25605,0.144464
id17655,0.314998,0.583045,0.101957
id08817,0.316952,0.149226,0.533822
id11512,0.0448653,0.115537,0.839597
id00478,0.44346,0.160147,0.396394
id02116,0.744454,0.0976044,0.157942
id06746,0.478943,0.230395,0.290662
id03863,0.469554,0.365902,0.164544
id01802,0.220135,0.367556,0.412309
id11682,0.718281,0.131644,0.150076
id04033,0.271715,0.604488,0.123798
id09286,0.238291,0.342939,0.41877
id12904,0.73788,0.0765052,0.185615
id07420,0.0131177,0.0343421,0.95254
id22398,0.0272589,0.934821,0.03792
id00424,0.20848,0.140679,0.650841
id20960,0.706627,0.195703,0.09767
id10267,0.692748,0.21219,0.0950619
id19330,0.354327,0.127464,0.518209
id00994,0.0411759,0.841012,0.117812
id10785,0.495921,0.32859,0.175489
id00955,0.180338,0.671894,0.147768
id09757,0.0609068,0.889911,0.0491824
id10030,0.130102,0.125979,0.743918
id22952,0.273018,0.367513,0.359468
id21955,0.0064731,0.0415863,0.951941
id07674,0.251165,0.392418,0.356417
id13760,0.293262,0.492737,0.214001
id18166,0.688954,0.154768,0.156278
id23498,0.474522,0.47971,0.0457679
id05296,0.966445,0.0127101,0.0208445
id26709,0.421627,0.347442,0.230931
id02853,0.690514,0.244266,0.0652207
id06800,0.256838,0.254833,0.488329
id14758,0.50739,0.379814,0.112796
id12356,0.904475,0.0596988,0.0358261
id21492,0.511997,0.389045,0.0989582
id27540,0.45878,0.300685,0.240534
id07376,0.183492,0.295878,0.52063
id15201,0.356062,0.43117,0.212768
id23388,0.0728123,0.733965,0.193222
id13923,0.240689,0.442615,0.316695
id00794,0.0131249,0.920442,0.0664332
id23910,0.346326,0.165205,0.488469
id02556,0.0683359,0.0970296,0.834634
id22151,0.0943862,0.854711,0.0509031
id11698,0.135049,0.71932,0.145631
id11627,0.492345,0.286691,0.220963
id06340,0.771237,0.0386291,0.190134
id05123,0.970416,0.00984855,0.0197357
id26620,0.0273309,0.0324598,0.940209
id04002,0.184551,0.213262,0.602188
id26554,0.129748,0.489971,0.38028
id18012,0.260274,0.493616,0.24611
id12964,0.0547983,0.0583624,0.886839
id18965,0.0444326,0.267466,0.688102
id19082,0.549271,0.0457101,0.405019
id26742,0.177124,0.0398166,0.78306
id15442,0.543587,0.340216,0.116196
id16647,0.635676,0.0366908,0.327633
id11544,0.385493,0.174611,0.439896
id20581,0.27351,0.274069,0.45242
id13192,0.500286,0.418356,0.0813574
id15814,0.173572,0.181744,0.644684
id26279,0.337351,0.506955,0.155693
id00240,0.900658,0.0488534,0.0504889
id22836,0.836225,0.0631949,0.10058
id15085,0.0761689,0.818695,0.105136
id17495,0.660035,0.0984906,0.241474
id26762,0.783332,0.0208306,0.195837
id13685,0.949917,0.00464115,0.0454419
id16560,0.123091,0.801145,0.0757644
id17184,0.0744473,0.792478,0.133074
id21635,0.910138,0.0474814,0.0423807
id26751,0.254559,0.586897,0.158544
id12351,0.702287,0.165661,0.132052
id14872,0.597241,0.297453,0.105306
id18372,0.633998,0.211647,0.154356
id26851,0.762536,0.094632,0.142832
id22659,0.195755,0.760316,0.0439282
id04102,0.0782056,0.0183177,0.903477
id02353,0.0764098,0.799753,0.123837
id26721,0.771811,0.172489,0.0557005
id11171,0.651291,0.126736,0.221973
id13562,0.457167,0.450265,0.0925674
id26425,0.706455,0.115023,0.178523
id26394,0.356052,0.147188,0.49676
id22187,0.830647,0.0907017,0.0786517
id00422,0.765793,0.168509,0.065698
id22667,0.0514378,0.922939,0.0256231
id00911,0.617966,0.0853427,0.296692
id17291,0.562241,0.0409154,0.396843
id01915,0.174746,0.529491,0.295763
id01434,0.243401,0.0929878,0.663611
id01584,0.596781,0.190955,0.212264
id09266,0.675631,0.198624,0.125745
id17494,0.0166815,0.904756,0.0785626
id24919,0.72613,0.101953,0.171916
id21043,0.431758,0.0795437,0.488698
id17796,0.256608,0.646674,0.0967185
id02166,0.165137,0.0595165,0.775346
id17503,0.784478,0.0956407,0.119881
id21203,0.730363,0.0975614,0.172076
id25626,0.875727,0.0914774,0.0327961
id09836,0.931577,0.0423524,0.0260702
id24202,0.162912,0.322949,0.514139
id27260,0.487914,0.073443,0.438643
id23167,0.101238,0.0582742,0.840487
id10393,0.0255924,0.95812,0.0162874
id01171,0.784571,0.101126,0.114302
id06380,0.811705,0.0798692,0.108426
id22686,0.316784,0.0719671,0.611248
id26250,0.546004,0.0761614,0.377835
id09315,0.297161,0.457191,0.245648
id00886,0.171972,0.693629,0.134398
id03101,0.749244,0.155954,0.0948013
id12367,0.745774,0.070022,0.184204
id10770,0.856657,0.0556062,0.087737
id14949,0.376135,0.491931,0.131934
id14141,0.290923,0.597353,0.111724
id25417,0.686466,0.22845,0.0850846
id26873,0.518446,0.328387,0.153167
id10818,0.18148,0.0718537,0.746666
id15146,0.800891,0.0824241,0.116685
id23328,0.827488,0.0999662,0.0725459
id16765,0.427302,0.336706,0.235993
id24383,0.56836,0.0759607,0.355679
id21304,0.645401,0.301965,0.0526344
id12551,0.327665,0.505925,0.166409
id23274,0.327058,0.289994,0.382949
id08117,0.824693,0.0669026,0.108405
id23961,0.585499,0.037366,0.377136
id13865,0.285291,0.579398,0.13531
id22807,0.413074,0.327229,0.259697
id08951,0.171536,0.0348553,0.793608
id18684,0.95089,0.0223856,0.0267248
id25179,0.45668,0.424753,0.118567
id27033,0.457783,0.110774,0.431442
id13977,0.330295,0.399072,0.270633
id19337,0.0563984,0.747024,0.196578
id25764,0.0399557,0.900406,0.0596388
id16106,0.411176,0.213587,0.375237
id05468,0.207254,0.0717592,0.720987
id05241,0.522939,0.0283337,0.448727
id10215,0.360597,0.327021,0.312382
id23457,0.102423,0.424251,0.473326
id02200,0.621106,0.147787,0.231107
id13714,0.308022,0.558237,0.133741
id20332,0.0575221,0.0881535,0.854325
id18573,0.0851662,0.384547,0.530287
id08569,0.563645,0.179039,0.257316
id22767,0.497583,0.260881,0.241536
id25390,0.061028,0.906868,0.0321038
id09288,0.755855,0.065763,0.178382
id12381,0.71118,0.194487,0.0943329
id02895,0.0788025,0.0477264,0.873471
id25270,0.0802841,0.185024,0.734692
id14248,0.309225,0.0342649,0.656511
id12831,0.54218,0.060911,0.396909
id18305,0.667087,0.071383,0.26153
id07805,0.44784,0.452191,0.0999695
id14027,0.305994,0.257131,0.436875
id02760,0.883504,0.0823855,0.0341109
id24362,0.945276,0.0399566,0.014767
id17065,0.180536,0.7575,0.0619643
id26583,0.0785044,0.827238,0.0942577
id19664,0.560765,0.34785,0.0913856
id25145,0.663698,0.192622,0.14368
id17858,0.227333,0.627805,0.144863
id05148,0.157475,0.251829,0.590696
id22928,0.790023,0.151129,0.0588483
id21549,0.520093,0.0829482,0.396958
id12649,0.394616,0.552109,0.053275
id21597,0.943934,0.027806,0.02826
id27945,0.522384,0.234559,0.243056
id00243,0.938303,0.0202005,0.0414961
id02745,0.469213,0.148248,0.382539
id23550,0.0356313,0.0273909,0.936978
id13023,0.0444076,0.0167339,0.938858
id24796,0.181913,0.291768,0.526319
id12284,0.402398,0.416545,0.181057
id02664,0.00745204,0.933255,0.0592926
id23767,0.341235,0.285965,0.372799
id05859,0.104987,0.785475,0.109538
id14350,0.619006,0.211217,0.169777
id01191,0.212556,0.458163,0.329281
id17034,0.712411,0.134332,0.153257
id25292,0.544009,0.314643,0.141348
id22121,0.895414,0.0729423,0.0316435
id20872,0.990236,0.00529833,0.00446583
id17720,0.174893,0.636223,0.188884
id22658,0.211235,0.696746,0.0920189
id09567,0.362449,0.511739,0.125812
id16445,0.877571,0.0782875,0.0441416
id08349,0.106055,0.0512191,0.842726
id27437,0.119915,0.424747,0.455338
id03812,0.678168,0.174143,0.147689
id22304,0.65361,0.229531,0.116859
id04449,0.484232,0.369735,0.146033
id15605,0.200769,0.153567,0.645663
id01768,0.76596,0.129122,0.104918
id20019,0.113244,0.682538,0.204218
id09593,0.0490335,0.855527,0.0954396
id23179,0.354393,0.160826,0.484781
id21279,0.786482,0.0973875,0.11613
id06711,0.0235688,0.014882,0.961549
id14243,0.131221,0.707984,0.160795
id04839,0.0099293,0.331514,0.658557
id17220,0.131173,0.726462,0.142366
id24177,0.557261,0.201897,0.240842
id20512,0.349719,0.128332,0.521949
id14036,0.0563772,0.894037,0.0495853
id25001,0.117397,0.124031,0.758572
id06175,0.123291,0.761093,0.115616
id24720,0.276121,0.62466,0.0992184
id08070,0.301762,0.575158,0.12308
id18934,0.663854,0.214,0.122146
id01338,0.74575,0.0906498,0.1636
id19008,0.0480768,0.847225,0.104699
id19632,0.344062,0.492929,0.163009
id26224,0.0283362,0.514694,0.456969
id08219,0.763412,0.0635003,0.173088
id24008,0.0135804,0.00718642,0.979233
id12475,0.311725,0.574082,0.114193
id05766,0.335748,0.0481685,0.616084
id27386,0.0213511,0.951552,0.0270971
id12476,0.0324382,0.916317,0.0512453
id08311,0.74458,0.192092,0.0633286
id04996,0.887403,0.0936409,0.0189564
id17350,0.472655,0.341583,0.185762
id05546,0.125573,0.81954,0.0548871
id16504,0.506112,0.291233,0.202655
id05782,0.00191813,0.00334579,0.994736
id20560,0.564251,0.0959221,0.339827
id14171,0.0949055,0.0764559,0.828639
id27461,0.23519,0.0742679,0.690543
id03581,0.216776,0.0469476,0.736277
id21847,0.0898131,0.0510928,0.859094
id11712,0.670181,0.1283,0.201519
id26738,0.082275,0.0997735,0.817952
id13668,0.498164,0.320582,0.181254
id15114,0.872651,0.0630801,0.0642693
id20130,0.709735,0.0531756,0.237089
id18331,0.403623,0.261807,0.33457
id24465,0.859632,0.0903764,0.0499913
id13539,0.46909,0.310833,0.220077
id27564,0.205468,0.606532,0.188
id26043,0.210341,0.0287622,0.760897
id04965,9.74335e-05,0.0001661,0.999736
id08645,0.140832,0.421373,0.437796
id26610,0.590286,0.10303,0.306684
id21737,0.649896,0.274366,0.0757373
id25784,0.0478473,0.682572,0.269581
id23030,0.607664,0.209743,0.182592
id16450,0.0561358,0.90275,0.0411137
id02161,0.755225,0.0629696,0.181806
id25535,0.73296,0.110849,0.156191
id16566,0.847983,0.0437939,0.108223
id05714,0.866383,0.0729932,0.060624
id16524,0.632983,0.228878,0.138139
id23941,0.0361802,0.845312,0.118508
id00831,0.172478,0.406325,0.421197
id18145,0.309426,0.168056,0.522517
id17227,0.665985,0.0543334,0.279682
id09417,0.64205,0.0946583,0.263292
id21307,0.641696,0.258159,0.100145
id05650,0.061152,0.892737,0.0461113
id23901,0.88861,0.0790116,0.0323785
id05831,0.62911,0.133334,0.237556
id16708,0.0832158,0.890258,0.0265261
id02281,0.145662,0.128516,0.725823
id11599,0.490854,0.285793,0.223353
id18353,0.234193,0.575556,0.19025
id07413,0.497751,0.359003,0.143246
id15653,0.0738085,0.865668,0.0605239
id09715,0.0809754,0.0351201,0.883904
id05108,0.555929,0.327866,0.116205
id09537,0.544828,0.0617761,0.393396
id27596,0.821683,0.0963071,0.0820103
id24255,0.106262,0.0479983,0.84574
id05080,0.0277188,0.0133167,0.958964
id09484,0.565044,0.0856963,0.349259
id14864,0.0253915,0.00320943,0.971399
id26836,0.801605,0.142415,0.0559798
id07003,0.737544,0.182045,0.0804103
id13750,0.00255837,0.991767,0.00567511
id21799,0.173669,0.565669,0.260662
id11285,0.989045,0.00378277,0.00717185
id04735,0.611394,0.26819,0.120417
id23049,0.0171572,0.148486,0.834357
id05826,0.320251,0.562971,0.116779
id17916,0.353015,0.463888,0.183097
id14081,0.395594,0.0372695,0.567136
id10527,0.228353,0.0324057,0.739241
id16059,0.152499,0.713131,0.13437
id25542,0.818444,0.140111,0.0414444
id05402,0.0136864,0.00806724,0.978246
id01927,0.449278,0.103122,0.4476
id27656,0.388625,0.267154,0.344221
id06708,0.122874,0.595309,0.281817
id03524,0.406689,0.463004,0.130307
id12297,0.664765,0.204447,0.130788
id03439,0.770301,0.159989,0.0697103
id04587,0.055939,0.808778,0.135283
id25470,0.292327,0.584064,0.123609
id01212,0.267102,0.551865,0.181033
id13932,0.717531,0.166416,0.116053
id00124,0.0666761,0.0411423,0.892182
id01592,0.353225,0.195935,0.45084
id13461,0.442545,0.313414,0.24404
id24681,0.349786,0.439094,0.21112
id23245,0.166949,0.0415565,0.791494
id14073,0.342589,0.328677,0.328734
id05172,0.625466,0.0994826,0.275051
id21979,0.861255,0.0404473,0.0982978
id00328,0.885425,0.0100673,0.104508
id26102,0.819019,0.0765394,0.104442
id14867,0.214326,0.118202,0.667472
id27544,0.147116,0.74907,0.103814
id16228,0.437617,0.160041,0.402342
id16342,0.641737,0.203768,0.154495
id24933,0.820992,0.0827755,0.0962329
id04601,0.330489,0.324634,0.344877
id01599,0.144769,0.647688,0.207542
id06238,0.825472,0.122419,0.0521093
id06826,0.19388,0.45217,0.35395
id23307,0.575458,0.336381,0.0881608
id13575,0.650652,0.186069,0.16328
id24174,0.527309,0.0317186,0.440972
id19534,0.0719529,0.0940145,0.834033
id19602,0.0514866,0.0862774,0.862236
id26962,0.0751485,0.677071,0.24778
id04448,0.245952,0.68538,0.0686687
id09786,0.345053,0.368315,0.286633
id25240,0.470179,0.387482,0.14234
id14893,0.773349,0.166311,0.0603394
id24221,0.638796,0.305851,0.0553535
id04696,0.508787,0.0500461,0.441167
id15153,0.132093,0.739666,0.128241
id13882,0.0018449,0.986994,0.0111615
id17836,0.16608,0.645583,0.188337
id00574,0.150012,0.726205,0.123783
id02078,0.15785,0.648826,0.193323
id21206,0.368606,0.505848,0.125547
id20084,0.587397,0.113013,0.29959
id26598,0.0731554,0.0457396,0.881105
id06838,0.377557,0.0184493,0.603994
id08786,0.145598,0.0655172,0.788885
id09550,0.28226,0.152019,0.565721
id10206,0.820534,0.0547723,0.124694
id21113,0.697775,0.0331865,0.269038
id21151,0.48246,0.320288,0.197251
id02692,0.844999,0.0838198,0.0711808
id26446,0.85096,0.0911321,0.0579083
id07377,0.830415,0.111842,0.0577428
id15998,0.653988,0.128278,0.217734
id19637,0.779061,0.0225129,0.198426
id19735,0.1122,0.806105,0.0816958
id13739,0.251263,0.207428,0.541309
id25175,0.427416,0.28112,0.291464
id00563,0.226212,0.269776,0.504012
id09982,0.813641,0.054127,0.132232
id15459,0.00943768,0.986056,0.004506
id20785,0.0114642,0.00796161,0.980574
id07145,0.113431,0.260562,0.626007
id22204,0.279775,0.661683,0.0585418
id09285,0.5791,0.172771,0.248129
id18157,0.00518762,0.0052523,0.98956
id12134,0.152559,0.306837,0.540604
id23914,0.933173,0.0216806,0.0451465
id10483,0.868776,0.0954223,0.0358021
id07092,0.784066,0.0728092,0.143125
id14786,0.217073,0.357927,0.425001
id25741,0.684555,0.041512,0.273933
id09050,0.25073,0.62537,0.1239
id04938,0.713934,0.0946308,0.191436
id05901,0.726112,0.161746,0.112142
id16975,0.0389621,0.925405,0.0356326
id08547,0.15291,0.0826304,0.76446
id16355,0.613676,0.119448,0.266876
id14568,0.610105,0.142673,0.247223
id25599,0.125176,0.40753,0.467293
id01670,0.217321,0.608041,0.174638
id23945,0.176464,0.7649,0.0586358
id17394,0.108859,0.0886054,0.802536
id06501,0.454808,0.281748,0.263443
id26234,0.253439,0.505433,0.241128
id21280,0.201769,0.0477879,0.750443
id20048,0.0320378,0.137308,0.830654
id01216,0.273213,0.460912,0.265875
id25320,0.658826,0.0651995,0.275974
id22833,0.193088,0.311311,0.495601
id22056,0.393467,0.46534,0.141193
id02275,0.144328,0.691572,0.164101
id26127,0.611027,0.043125,0.345848
id17011,0.354603,0.484164,0.161233
id13847,0.687983,0.100691,0.211326
id00013,0.0685006,0.842589,0.08891
id16463,0.754332,0.123316,0.122352
id04845,0.145066,0.722773,0.132161
id01787,0.169381,0.46434,0.366278
id08637,0.586093,0.186564,0.227342
id11414,0.0473155,0.0366334,0.916051
id13177,0.263189,0.344559,0.392252
id24517,0.825971,0.0739998,0.100029
id26838,0.427476,0.194156,0.378368
id23081,0.072528,0.85286,0.0746121
id16327,0.317635,0.561363,0.121002
id27282,0.106071,0.786852,0.107078
id07489,0.402383,0.137477,0.460139
id01718,0.0198319,0.0321967,0.947971
id15441,0.777668,0.131098,0.0912348
id27736,0.173459,0.574698,0.251843
id16324,0.127858,0.375383,0.496759
id12027,0.252649,0.145094,0.602257
id24653,0.411347,0.49308,0.0955732
id17541,0.251075,0.0889283,0.659997
id22406,0.193331,0.441292,0.365377
id18356,0.736393,0.162463,0.101144
id04505,0.7555,0.12013,0.12437
id04246,0.619218,0.141517,0.239265
id07368,0.315995,0.32496,0.359045
id26185,0.115292,0.0712112,0.813497
id08878,0.108624,0.465955,0.425421
id27691,0.0217249,0.0235127,0.954762
id18004,0.527323,0.202579,0.270098
id24426,0.526244,0.189527,0.284229
id14164,0.787934,0.145606,0.0664601
id12653,0.0695341,0.715127,0.215339
id18060,0.440456,0.308791,0.250753
id18556,0.767064,0.0623943,0.170542
id27371,0.245561,0.279447,0.474993
id11989,0.209263,0.310327,0.48041
id26095,0.524223,0.389325,0.0864513
id24978,0.321283,0.195228,0.483488
id20322,0.487363,0.0502851,0.462352
id01954,0.738164,0.153182,0.108654
id07434,0.32882,0.22088,0.4503
id18144,0.0857776,0.104605,0.809617
id16250,0.368442,0.556474,0.075084
id17793,0.183943,0.217255,0.598802
id24067,0.050183,0.0934085,0.856409
id13891,0.022783,0.00583212,0.971385
id07334,0.189438,0.659971,0.150592
id15633,0.0914483,0.688027,0.220524
id23239,0.584592,0.149175,0.266233
id10674,0.19239,0.288199,0.519411
id22093,0.490207,0.44178,0.0680134
id08444,0.340428,0.265912,0.39366
id03257,0.187927,0.254625,0.557449
id10040,0.526434,0.303978,0.169588
id04902,0.027618,0.0210409,0.951341
id01219,0.738755,0.189955,0.0712897
id01340,0.987068,0.00755874,0.00537335
id05117,0.0672753,0.885155,0.0475701
id04908,0.189276,0.0275066,0.783217
id03626,0.10379,0.0360832,0.860126
id01888,0.795117,0.149407,0.0554761
id17199,0.228812,0.027869,0.743319
id11200,0.155762,0.813065,0.0311729
id27561,0.467852,0.0300684,0.50208
id20966,0.18726,0.755467,0.0572726
id10257,0.100475,0.793618,0.105907
id21168,0.060762,0.773973,0.165265
id23363,0.278247,0.0294265,0.692327
id05321,0.289358,0.0577457,0.652896
id09928,0.0735291,0.0451989,0.881272
id18015,0.370237,0.482081,0.147682
id02082,0.0692853,0.89886,0.0318547
id19279,0.6857,0.199823,0.114476
id08541,0.614059,0.327869,0.058072
id15249,0.0707035,0.787161,0.142136
id03609,0.225903,0.630137,0.14396
id22902,0.293935,0.174436,0.531628
id17733,0.892072,0.0571133,0.0508146
id07554,0.0692616,0.149029,0.781709
id14120,0.581495,0.216584,0.201921
id21802,0.102855,0.763159,0.133986
id15614,0.230948,0.529907,0.239146
id19437,0.0917712,0.0618944,0.846334
id22698,0.806295,0.158844,0.0348611
id21841,0.110113,0.803954,0.085933
id16177,0.264904,0.716983,0.0181134
id15887,0.300094,0.19698,0.502926
id22629,0.668792,0.0573638,0.273844
id10346,0.750831,0.1429,0.106268
id05154,0.850875,0.0795958,0.0695293
id22913,0.225041,0.758575,0.0163847
id10544,0.0992392,0.523215,0.377546
id08703,0.460949,0.446656,0.0923948
id12817,0.533266,0.106474,0.36026
id25433,0.783399,0.147434,0.0691672
id25112,0.107933,0.0917133,0.800354
id05054,0.0879681,0.701354,0.210678
id02311,0.182777,0.744058,0.0731643
id22160,0.326997,0.479688,0.193315
id17422,0.715547,0.188938,0.0955145
id18985,0.557302,0.178658,0.264039
id21905,0.17677,0.13505,0.68818
id17474,0.671394,0.184197,0.144408
id15236,0.0473257,0.850164,0.10251
id13964,0.62654,0.198438,0.175023
id15962,0.17096,0.751738,0.0773024
id20866,0.134428,0.17349,0.692082
id06625,0.134608,0.535743,0.329648
id09793,0.542514,0.104681,0.352805
id17365,0.0214882,0.894888,0.0836235
id18463,0.147252,0.702872,0.149876
id20693,0.161606,0.488264,0.350129
id08785,0.109041,0.742633,0.148326
id06783,0.145773,0.75039,0.103837
id23178,0.171727,0.102541,0.725732
id13513,0.256856,0.622695,0.120449
id25361,0.0795467,0.0771931,0.84326
id22319,0.34947,0.364529,0.286001
id14024,0.457239,0.28797,0.254791
id24186,0.275017,0.600137,0.124846
id20965,0.844336,0.0794614,0.0762031
id06242,0.132343,0.0812528,0.786404
id25665,0.0827347,0.209376,0.707889
id09706,0.38956,0.342871,0.26757
id11026,0.0297966,0.882647,0.0875568
id04223,0.721697,0.108368,0.169935
id19674,0.272922,0.602373,0.124705
id23420,0.121942,0.299106,0.578952
id18059,0.0705829,0.866694,0.0627226
id22576,0.89957,0.0680341,0.0323962
id18495,0.00257014,0.984132,0.0132983
id14139,0.921523,0.0464031,0.0320735
id18313,0.131354,0.665439,0.203207
id27356,0.639795,0.131297,0.228908
id16035,0.306392,0.238764,0.454844
id04182,0.37891,0.466041,0.155049
id15667,0.750923,0.169344,0.0797324
id08713,0.64544,0.153326,0.201234
id25563,0.0183482,0.955423,0.0262285
id17023,0.897934,0.0705759,0.0314899
id03014,0.0253578,0.724999,0.249643
id23812,0.0295455,0.95001,0.0204448
id20057,0.0965106,0.20116,0.70233
id12385,0.646497,0.267389,0.0861144
id24416,0.427362,0.429579,0.143059
id15672,0.0935822,0.73273,0.173688
id13868,0.41168,0.482115,0.106205
id21095,0.116269,0.349099,0.534632
id05305,0.379971,0.23688,0.383149
id15384,0.161418,0.388387,0.450194
id14049,0.118219,0.0287849,0.852996
id23441,0.580096,0.317507,0.102398
id12856,0.31562,0.252567,0.431812
id16055,0.0647345,0.225333,0.709932
id24771,0.560132,0.299721,0.140147
id14053,0.776639,0.0986504,0.124711
id19547,0.0837224,0.383751,0.532527
id03639,0.422226,0.217728,0.360047
id14546,0.29472,0.47587,0.22941
id13935,0.41177,0.406349,0.181881
id20335,0.466437,0.471963,0.0616005
id07301,0.27607,0.247985,0.475945
id10186,0.789945,0.0681328,0.141922
id00192,0.510951,0.313113,0.175936
id17851,0.834137,0.104132,0.0617315
id08403,0.295532,0.408899,0.295569
id06183,0.465803,0.327362,0.206835
id24738,0.252146,0.528168,0.219686
id15112,0.751967,0.098861,0.149172
id19819,0.0690634,0.059823,0.871114
id17722,0.064658,0.147367,0.787975
id24273,0.0356217,0.453849,0.510529
id18939,0.0900883,0.0531427,0.856769
id16076,0.544061,0.34386,0.112079
id23158,0.0390749,0.156913,0.804012
id12745,0.528517,0.0809083,0.390574
id22538,0.391982,0.157648,0.45037
id14975,0.523359,0.361343,0.115297
id27537,0.653243,0.267118,0.079638
id06632,0.262205,0.0316371,0.706158
id08100,0.203039,0.76718,0.029781
id00843,0.852514,0.0673071,0.080179
id22159,0.139631,0.0476128,0.812756
id18672,0.836592,0.0109972,0.152411
id06916,0.495477,0.379213,0.12531
id22212,0.532846,0.110953,0.356201
id00273,0.109366,0.0430749,0.847559
id26325,0.520469,0.338902,0.140629
id23683,0.304018,0.606631,0.0893507
id14419,0.0167503,0.902668,0.0805821
id11931,0.0107365,0.982458,0.00680524
id00568,0.042848,0.924195,0.0329571
id12271,0.699931,0.196493,0.103577
id12622,0.767318,0.197033,0.0356493
id03156,0.129184,0.524606,0.34621
id25592,0.839936,0.13261,0.0274546
id24367,0.787711,0.104537,0.107752
id16007,0.406688,0.216647,0.376665
id04785,0.833382,0.0691286,0.0974893
id07888,0.254659,0.222861,0.52248
id13557,0.493371,0.407573,0.0990561
id20726,0.882781,0.0372153,0.0800032
id09580,0.893195,0.027026,0.0797793
id05173,0.0569096,0.905719,0.0373716
id10394,0.0915101,0.768954,0.139536
id03926,0.207849,0.587592,0.204559
id07264,0.949317,0.0246972,0.0259863
id01862,0.314306,0.542153,0.143541
id20808,0.0887761,0.844592,0.0666321
id26658,0.704644,0.0416217,0.253734
id04479,0.588887,0.281045,0.130067
id17445,0.228043,0.456396,0.31556
id04430,0.0813066,0.838076,0.0806172
id06052,0.539145,0.169641,0.291214
id11485,0.673832,0.112518,0.21365
id13060,0.640849,0.0674665,0.291684
id20873,0.758074,0.115754,0.126171
id21927,0.383789,0.540663,0.0755487
id02736,0.32771,0.35488,0.31741
id11234,0.389734,0.211465,0.398802
id27894,0.939803,0.0305679,0.0296289
id23208,0.130399,0.387334,0.482268
id18470,0.228895,0.378642,0.392463
id23172,0.0316167,0.925261,0.0431225
id08752,0.586647,0.0802376,0.333115
id14242,0.606255,0.0842559,0.309489
id22908,0.596315,0.0893456,0.314339
id17454,0.219555,0.482689,0.297755
id23797,0.902785,0.0148913,0.0823242
id03788,0.65708,0.200254,0.142666
id23682,0.311399,0.17453,0.514071
id07179,0.825327,0.119354,0.0553194
id09746,0.0711188,0.88801,0.0408708
id26613,0.168202,0.314148,0.51765
id05142,0.819818,0.149655,0.0305268
id04825,0.0535264,0.843754,0.102719
id13691,0.242542,0.0629456,0.694513
id14183,0.024911,0.00758784,0.967501
id19519,0.117817,0.0309737,0.851209
id26685,0.560294,0.01466,0.425046
id07937,0.409607,0.314063,0.27633
id10574,0.0755496,0.885432,0.0390183
id15310,0.00972106,0.975037,0.0152417
id27311,0.000878173,0.00100519,0.998117
id11590,0.574909,0.302411,0.122679
id19798,0.0545987,0.435612,0.509789
id12201,0.655375,0.145283,0.199342
id12460,0.239725,0.115758,0.644517
id12019,0.751968,0.167803,0.0802284
id08046,0.121736,0.232689,0.645576
id02989,0.121517,0.385227,0.493256
id26905,0.0997247,0.242272,0.658003
id09779,0.926832,0.0502152,0.0229526
