id,EAP,HPL,MWS
id02310,0.010896,0.000798607,0.988305
id24541,0.988052,0.0113853,0.000562933
id00134,0.207801,0.790718,0.00148181
id27757,0.992864,0.00644451,0.000691502
id04081,0.995159,0.00158138,0.00325991
id27337,0.254677,0.745032,0.000291302
id24265,0.992796,0.00680962,0.000394446
id25917,0.241814,0.129771,0.628415
id04951,0.999177,0.000822813,7.17211e-08
id14549,0.992464,0.00494711,0.00258851
id22505,0.100061,0.6247,0.275238
id24002,1.38832e-06,0.999929,7.00133e-05
id18982,0.00071359,0.996867,0.00241932
id15181,0.000734536,0.999237,2.82563e-05
id21888,0.991743,0.000810253,0.0074464
id12035,1.03825e-05,5.11783e-07,0.999989
id17991,0.00739072,0.000205249,0.992404
id10707,1.0,3.53817e-08,9.99059e-10
id07101,0.00425412,0.0190057,0.97674
id00345,0.636077,0.36332,0.000602725
id05912,0.963003,0.000693746,0.0363035
id13443,0.996979,0.00272191,0.000299282
id09248,0.41503,0.00814056,0.576829
id17542,6.25266e-06,0.999956,3.74938e-05
id06995,0.00638557,0.0137278,0.979887
id25159,0.359172,0.00194406,0.638884
id25729,0.752762,0.168777,0.0784606
id26949,0.99922,0.000558563,0.000221853
id27191,0.237063,0.00405873,0.758879
id07668,0.0863579,0.00396657,0.909676
id02230,0.0267284,0.087275,0.885997
id15553,0.999508,0.000395881,9.60314e-05
id25688,1.34799e-05,0.999907,7.94831e-05
id17545,0.999984,1.54473e-05,3.44631e-07
id13929,0.882212,0.069841,0.0479472
id12880,0.471947,0.203381,0.324672
id19282,0.589209,0.135532,0.275259
id14690,6.35131e-06,4.5086e-06,0.999989
id17975,0.000222199,0.999771,7.09709e-06
id08037,0.978442,0.00114335,0.0204144
id15412,0.110585,0.000229373,0.889186
id25032,0.361629,0.00422093,0.63415
id27165,1.0,6.54523e-08,2.34447e-08
id03327,0.993231,0.0054175,0.00135191
id18515,0.99898,5.61445e-05,0.000964408
id21003,0.42451,0.0136161,0.561874
id23855,1.00133e-07,0.999885,0.000114842
id20724,0.946565,0.00895582,0.0444791
id13303,0.919347,0.0302125,0.050441
id16521,2.03006e-06,0.987216,0.0127815
id20775,0.999117,0.0007843,9.84641e-05
id13029,0.999897,0.00010153,1.95943e-06
id14660,0.860544,0.137215,0.00224093
id11028,1.31268e-05,5.89661e-07,0.999986
id14180,0.999357,0.000464927,0.000178222
id25860,0.999814,0.000171106,1.4437e-05
id11910,0.837203,0.00440805,0.158389
id08065,0.108217,0.00395192,0.887831
id22674,0.00181367,0.00736712,0.990819
id25018,0.172773,0.00352394,0.823703
id10892,0.0633795,0.935645,0.000975112
id10217,0.000856081,0.998554,0.000589977
id12996,0.0315622,0.00445089,0.963987
id18262,0.332463,0.0511938,0.616343
id08606,0.0978651,0.867773,0.0343618
id17233,0.999994,1.3923e-06,4.87277e-06
id00101,0.662441,0.307103,0.0304564
id12225,0.998706,0.00126745,2.60603e-05
id01364,0.0422202,0.957013,0.00076716
id24973,0.845023,9.89992e-05,0.154877
id25363,0.992062,0.000128397,0.00780916
id10061,0.861487,0.0165795,0.121934
id17673,0.80899,0.14626,0.04475
id13249,0.1551,0.00566285,0.839237
id10107,7.82532e-07,3.10605e-07,0.999999
id04403,0.998105,9.40803e-05,0.00180079
id25728,0.999404,0.000193502,0.000402914
id16184,0.106769,0.0555235,0.837707
id03438,0.000440689,1.23337e-06,0.999558
id22923,0.000245059,0.999752,3.32714e-06
id08610,0.99999,1.22716e-06,8.52992e-06
id25355,0.00211524,0.0179262,0.979959
id16916,0.994814,0.00508634,9.93521e-05
id12793,0.00727131,0.98219,0.0105383
id11859,0.631701,0.000660246,0.367639
id02434,1.0,2.41564e-07,7.93691e-09
id27703,0.000150959,7.12347e-05,0.999778
id25212,0.0271602,0.971522,0.00131788
id11308,0.00186625,0.13351,0.864624
id26094,0.807112,0.170291,0.0225966
id22080,0.999595,0.000404264,2.98033e-07
id03545,0.998915,0.00103932,4.59159e-05
id23725,0.0150323,0.00658302,0.978385
id12009,0.973179,0.000714226,0.0261068
id24241,0.0112783,0.960623,0.0280992
id03596,0.000559394,0.998737,0.000703668
id10749,0.00449521,0.991692,0.0038128
id22794,0.000332863,0.000291608,0.999376
id15482,0.66194,0.1498,0.18826
id04833,0.777341,0.219672,0.00298689
id00397,0.446376,0.000473239,0.55315
id14691,0.102185,0.0719884,0.825826
id05193,5.92832e-05,2.17181e-06,0.999938
id19541,0.843321,0.0235162,0.133163
id22166,3.36897e-05,2.89907e-05,0.999937
id20744,0.000913362,4.0766e-05,0.999046
id10392,0.00418589,0.000907453,0.994907
id00770,0.997982,0.00135244,0.000665988
id06018,0.820666,0.17248,0.00685319
id15678,0.49364,0.000345086,0.506015
id08305,0.999984,1.53031e-05,1.23157e-06
id08903,0.0326742,6.84555e-05,0.967257
id14752,0.138526,0.848223,0.0132506
id12468,0.00506904,0.994874,5.66693e-05
id05085,0.864628,0.132789,0.00258298
id21993,0.108912,0.00194149,0.889147
id15503,0.995328,0.00464329,2.91093e-05
id03021,1.13856e-07,0.999971,2.93451e-05
id16123,0.999989,3.94905e-06,7.32086e-06
id19383,0.999998,1.74378e-06,1.98708e-07
id04186,0.999999,6.04711e-07,7.28894e-07
id17954,0.00247921,0.000172693,0.997348
id12030,0.176397,0.000107001,0.823496
id13020,0.958061,0.0378859,0.00405261
id25327,0.000208843,0.98864,0.0111507
id16344,0.00146369,0.240144,0.758392
id12303,0.0185249,0.980747,0.000728074
id15017,0.998865,0.00033979,0.000795678
id22308,0.384553,0.00294592,0.612501
id06536,0.000732464,0.0881256,0.911142
id19797,0.0133029,0.969773,0.0169237
id06332,0.971352,0.0219318,0.00671634
id22941,0.0221695,0.0374103,0.94042
id13547,0.000226986,0.00505038,0.994723
id06928,0.0253564,1.57754e-05,0.974628
id12521,0.0280976,0.971833,6.93919e-05
id25716,0.923799,6.35811e-06,0.0761949
id27116,4.966e-13,1.79302e-12,1.0
id19941,9.26366e-06,0.999984,6.95574e-06
id05711,2.50161e-09,0.000435364,0.999565
id02097,3.72398e-06,0.00166046,0.998336
id03563,0.0245849,0.974696,0.000718748
id02295,0.464685,0.535011,0.000303935
id08179,0.991043,0.00138465,0.0075727
id05332,7.42255e-06,0.999717,0.00027515
id15697,0.901868,0.0672153,0.0309163
id17026,0.804157,0.0398283,0.156015
id04243,0.823528,0.175924,0.000548066
id13175,0.999999,9.35332e-08,1.21175e-06
id05387,0.997089,0.000582587,0.00232831
id19989,0.987342,0.0123563,0.000302041
id25173,0.0435257,0.0129276,0.943547
id08925,5.01516e-05,0.99995,2.11186e-07
id03034,0.00017727,0.988607,0.011216
id13272,3.00353e-05,0.999619,0.000351291
id07956,0.999848,1.49951e-05,0.000137441
id02648,1.46696e-10,2.24958e-08,1.0
id01778,0.0110251,9.12732e-06,0.988966
id12846,0.000533522,9.78119e-05,0.999369
id19001,0.914286,0.000610381,0.0851033
id05763,0.79145,0.000158201,0.208391
id15590,3.24146e-08,2.91443e-07,1.0
id04912,0.933746,0.0331068,0.0331472
id21201,0.991068,0.000764235,0.00816735
id13215,1.0,1.13999e-08,8.58624e-08
id15612,5.09323e-05,0.999921,2.83459e-05
id18501,0.00593502,0.000655759,0.993409
id07223,0.967855,0.0163739,0.0157709
id06707,0.0135691,0.767743,0.218688
id05238,7.73366e-05,0.999921,1.14315e-06
id00935,0.00242024,0.298018,0.699562
id00110,0.322875,0.494035,0.183089
id17476,0.988499,0.0113697,0.00013107
id15170,0.999899,9.07942e-05,1.0181e-05
id13397,0.911216,0.0074267,0.0813568
id24283,0.846766,0.13704,0.0161937
id15234,0.999963,3.66821e-05,1.42045e-07
id16884,0.901808,0.0751472,0.0230451
id07831,0.0435043,0.903948,0.0525473
id16038,0.999992,7.96769e-06,1.72888e-08
id03629,0.998593,0.00120458,0.000202149
id21019,0.994024,0.00555471,0.000421423
id21835,0.992414,0.00181583,0.00577036
id04480,0.0011669,0.99883,3.103e-06
id20838,0.887987,0.111169,0.00084417
id24195,0.986215,0.00237771,0.0114073
id05448,0.993533,0.0036643,0.00280249
id15957,0.000696086,0.999269,3.4527e-05
id19956,0.0012299,8.69572e-07,0.998769
id15104,0.0038608,0.000764687,0.995375
id17559,0.999597,0.0001666,0.000236002
id16839,0.268389,0.028167,0.703444
id14493,0.990223,0.000102431,0.00967454
id08833,0.582546,0.000431915,0.417022
id15723,0.0247475,0.000455949,0.974797
id02716,0.999807,4.51095e-05,0.000148298
id06689,0.000432524,0.999526,4.1171e-05
id18837,0.681308,0.00409965,0.314592
id04466,0.999429,0.000378886,0.000192385
id00686,0.88352,0.0368555,0.0796243
id09010,0.313672,0.685892,0.000436762
id23353,0.99986,2.11933e-06,0.000137973
id00066,0.883924,0.115649,0.000427544
id15724,0.411683,0.587571,0.000745525
id23486,0.0201629,2.02496e-05,0.979817
id22258,9.61177e-05,0.000424239,0.99948
id02292,0.855434,0.0523461,0.0922197
id16356,0.0205356,0.00278503,0.976679
id00235,0.894739,0.000848168,0.104413
id25522,0.00491868,0.000320207,0.994761
id04204,1.80546e-06,0.999998,1.82616e-07
id22016,0.429224,0.00306716,0.567709
id06480,0.411803,0.5861,0.0020976
id08718,3.45677e-06,1.67825e-07,0.999996
id05251,0.000792479,0.999001,0.000206935
id03359,0.999483,0.000402304,0.000114792
id16117,0.00963758,0.000105245,0.990257
id17000,0.00132585,0.998208,0.000465822
id01730,0.0278889,0.971454,0.000657266
id00630,0.986976,0.0129201,0.000104024
id18175,0.000113278,0.00164241,0.998244
id00907,0.978862,0.0115111,0.00962733
id18251,0.00131819,0.997717,0.000964552
id25861,0.88938,0.108443,0.00217687
id00398,0.968507,0.0256194,0.00587364
id27573,0.999681,2.43716e-05,0.000294752
id10022,0.00350023,0.98678,0.0097198
id15901,0.414359,0.000249654,0.585391
id00451,0.0020589,0.00712351,0.990818
id23129,0.000465716,0.999532,1.88768e-06
id26498,0.426238,0.483378,0.0903843
id14741,0.994333,4.80313e-05,0.00561857
id18453,0.0163172,0.00327458,0.980408
id08309,0.999082,0.000913671,3.95662e-06
id00320,0.999792,0.000144713,6.32644e-05
id07688,0.325834,0.0069842,0.667182
id01556,0.000759415,3.19031e-07,0.99924
id00178,0.683126,0.0482753,0.268599
id18902,0.00737334,0.022543,0.970084
id27002,0.00110605,0.998823,7.14017e-05
id21418,0.999997,2.29039e-06,8.37125e-07
id23018,0.789174,0.10606,0.104767
id07032,0.548984,0.0177403,0.433276
id16195,0.502052,0.00496118,0.492986
id11202,7.89445e-05,0.993446,0.00647518
id09578,0.107804,0.00273876,0.889458
id26984,0.998133,1.69961e-05,0.00184961
id19856,1.04048e-06,0.999998,7.90096e-07
id12086,0.987911,0.000539174,0.0115501
id12052,1.33932e-05,2.43551e-06,0.999984
id17728,1.81772e-06,0.00027474,0.999723
id24608,0.956784,0.00391392,0.0393024
id21097,0.951434,0.00121027,0.047356
id20179,4.56029e-06,5.26135e-05,0.999943
id15144,0.794626,0.159694,0.0456792
id00206,0.998467,0.00136895,0.000164426
id22285,0.00087576,2.44121e-05,0.9991
id06417,0.000412848,0.998404,0.00118334
id00215,1.3638e-06,0.999997,1.79891e-06
id04201,0.0818714,0.0175902,0.900538
id21771,0.99987,4.51435e-05,8.49963e-05
id12451,0.0119238,0.681912,0.306164
id14250,0.00215833,0.38468,0.613161
id03433,0.000488919,0.99948,3.12703e-05
id03303,0.0596579,0.000328045,0.940014
id25901,0.262201,0.173342,0.564457
id06945,0.993456,0.00179393,0.00475039
id05664,0.908036,0.0918305,0.000133132
id05741,0.998945,0.000710952,0.00034406
id10652,0.999983,1.34481e-05,3.89116e-06
id16300,0.925217,0.00998348,0.0647996
id12319,0.0483677,0.742187,0.209445
id07500,0.0111998,0.988678,0.000121804
id12478,0.0180406,0.26351,0.718449
id03076,0.0111974,9.40226e-05,0.988709
id00969,0.0217331,0.977868,0.0003986
id23636,0.000253986,0.999735,1.07041e-05
id09791,0.0128927,0.104919,0.882189
id05680,0.0103917,0.876879,0.112729
id03672,0.00134631,0.759918,0.238736
id04286,0.000667868,0.998669,0.000663181
id23883,0.00330052,0.0313647,0.965335
id11914,0.010455,0.000331599,0.989213
id20974,0.000106361,0.999883,1.08563e-05
id26125,0.00268772,0.00022736,0.997085
id15543,0.172597,0.00098846,0.826414
id19471,0.999999,7.68587e-07,4.12223e-07
id11503,0.999294,0.000686862,1.93977e-05
id09321,6.74487e-07,0.998138,0.00186127
id25560,1.81397e-08,2.02143e-06,0.999998
id06726,0.962495,0.00428646,0.0332183
id05709,0.997983,1.11623e-05,0.00200583
id09788,0.151909,0.461041,0.38705
id05289,0.997131,0.0028281,4.03801e-05
id11815,5.67412e-05,0.999934,9.00643e-06
id22422,0.941946,0.0139656,0.0440882
id25954,0.980827,0.00184227,0.0173306
id13601,0.711022,0.0507039,0.238274
id05677,0.999639,0.000137607,0.000223808
id10498,0.000125008,0.999837,3.75057e-05
id02665,0.941419,0.048324,0.0102568
id10114,0.526439,0.448959,0.0246023
id26314,0.999338,9.17834e-05,0.000569881
id21240,0.983327,0.0126587,0.00401386
id15569,0.996437,0.00297903,0.000584364
id25928,0.622385,0.0092318,0.368383
id22706,0.00196859,0.998009,2.19719e-05
id20877,0.00274446,0.97561,0.0216452
id04318,0.999998,2.06781e-06,1.69016e-07
id18299,0.450585,0.356407,0.193007
id08126,0.011081,0.00154726,0.987372
id14293,0.371162,0.000217351,0.628621
id12759,0.99859,0.000251486,0.00115821
id11983,0.980473,0.00916611,0.010361
id05580,0.0454487,0.947951,0.0066002
id25846,0.547283,0.382413,0.0703043
id01939,0.110348,0.0017511,0.887901
id26327,0.0134828,0.0699781,0.916539
id11068,7.50471e-05,3.52333e-07,0.999925
id08404,0.994943,0.0034086,0.00164812
id27189,0.832045,0.167807,0.000148698
id15119,0.016388,0.969796,0.0138165
id26525,0.999992,4.31117e-06,4.03762e-06
id03618,0.719357,0.268438,0.012205
id27220,0.999977,6.44066e-06,1.67199e-05
id18777,0.00473841,1.89029e-06,0.99526
id20213,0.999742,0.000145092,0.000113036
id20403,0.983069,0.0160362,0.00089489
id03777,0.139824,0.041287,0.818889
id10595,0.0309259,0.946283,0.0227908
id13816,0.224413,0.00325147,0.772335
id05667,6.75889e-05,0.000132809,0.9998
id24629,0.963768,0.0104861,0.0257461
id20398,0.163589,0.709564,0.126847
id14108,2.10747e-05,3.27906e-05,0.999946
id06196,9.77202e-08,1.0,2.63106e-07
id02800,0.0449447,0.822118,0.132937
id18732,8.25211e-06,0.999543,0.000449014
id11915,0.0135897,0.97849,0.00792028
id09739,0.10266,0.152429,0.744911
id24672,0.997617,0.00223738,0.000145379
id00414,0.000209357,0.066361,0.93343
id16307,0.998177,0.00173384,8.95838e-05
id14043,0.00240134,6.41451e-05,0.997535
id00517,7.42065e-08,0.000329041,0.999671
id09744,0.997615,0.00238371,1.63994e-06
id19257,0.991282,0.00798533,0.000732198
id15437,0.405736,0.587911,0.00635267
id16352,0.00958458,0.000794918,0.98962
id18849,0.165584,0.000305742,0.83411
id19434,2.62683e-08,1.0,5.03822e-08
id17928,0.000476738,0.00213949,0.997384
id16896,0.0366,0.00065018,0.96275
id02135,0.118285,0.195066,0.686649
id15075,0.973768,0.0244631,0.00176902
id27486,0.000363984,0.999613,2.30876e-05
id19422,0.999402,0.000544534,5.36336e-05
id09603,0.00133676,0.998337,0.000326661
id02133,0.00735124,0.986164,0.00648467
id03441,0.926412,0.0390589,0.0345292
id02398,1.55932e-07,1.0,1.5537e-07
id05152,0.0663992,0.356949,0.576652
id17838,0.0534728,0.00101357,0.945514
id25060,0.97561,0.0243769,1.28415e-05
id09998,0.0181222,0.137896,0.843982
id01828,0.0861015,0.87957,0.0343287
id25377,0.0449022,0.099173,0.855925
id22175,0.0306563,0.969004,0.000339416
id02974,0.00132924,0.0245896,0.974081
id26955,0.999994,5.68446e-06,3.31098e-08
id21091,0.996937,0.00150218,0.00156067
id12802,0.993832,0.0011428,0.00502567
id07432,0.000137611,0.996805,0.00305698
id18749,0.0368727,0.527657,0.43547
id15030,7.9027e-06,5.87651e-05,0.999933
id17155,0.000215693,0.999429,0.000355567
id08128,0.00870025,0.897484,0.0938158
id25706,1.66082e-07,0.999473,0.0005269
id15645,0.995405,0.00383585,0.000759076
id04943,0.978397,0.0213398,0.000262819
id27566,0.00367636,0.0464864,0.949837
id11765,0.243229,0.0931145,0.663656
id13783,0.560814,0.407791,0.0313948
id00492,0.00715577,0.00567281,0.987171
id27636,0.00254898,0.259832,0.73762
id04273,0.967768,0.0164511,0.0157809
id02537,0.92605,0.0523635,0.0215868
id24349,0.289409,0.710434,0.000156513
id00023,2.52225e-06,0.999836,0.000161086
id23025,0.00270087,0.997263,3.60317e-05
id08722,0.998254,6.40398e-05,0.001682
id02420,0.975674,0.0231692,0.00115655
id10811,0.893446,0.053306,0.0532481
id04019,0.0300002,0.00350536,0.966494
id18334,0.999801,0.000195708,2.85636e-06
id16781,0.00673428,0.993253,1.24857e-05
id08773,0.902028,0.0936583,0.00431322
id19214,0.998919,0.000378731,0.000701816
id09589,9.51449e-12,1.0,4.6251e-07
id24246,0.892997,0.105878,0.00112455
id23577,0.145322,0.854578,9.92002e-05
id09305,0.996277,0.00233361,0.00138927
id16460,0.739422,0.00360345,0.256975
id21115,0.995045,0.000405538,0.00454985
id25996,0.508953,0.125315,0.365732
id02551,9.14164e-06,0.0027,0.997291
id19352,0.000660524,7.51263e-05,0.999264
id03806,0.0144,0.000390181,0.98521
id26544,0.99998,8.05051e-06,1.17371e-05
id18761,0.99816,0.00104132,0.000798474
id24148,0.136078,0.862543,0.00137929
id16095,3.74365e-05,0.995122,0.00484067
id18442,0.801346,0.00092922,0.197724
id22596,4.52899e-12,3.35809e-10,1.0
id23002,3.96936e-05,9.37251e-06,0.999951
id04797,0.98003,0.0142025,0.00576732
id06610,0.00890935,0.00093514,0.990155
id16173,3.7532e-05,0.999466,0.000496306
id18292,0.585669,0.0427547,0.371577
id27328,0.999999,3.84812e-07,5.15426e-07
id01695,7.66472e-08,1.0,3.47988e-07
id05761,0.395478,0.000306454,0.604216
id16354,0.998795,3.98523e-05,0.00116489
id12207,0.000551311,0.920621,0.0788278
id05665,0.00208548,2.84653e-05,0.997886
id01911,0.998409,0.00133905,0.000252019
id19153,0.00201015,0.0001852,0.997805
id10295,0.806423,0.00887401,0.184703
id23038,0.910217,0.0897822,1.15663e-06
id23783,0.34741,0.65217,0.000419796
id27879,0.115747,0.883848,0.000405271
id19190,9.00033e-06,0.999991,1.9267e-08
id05065,0.87069,0.000982213,0.128327
id21296,0.000839001,0.997871,0.00129039
id13262,0.000704096,0.0104308,0.988865
id10333,0.998685,0.000104313,0.00121067
id16677,0.495841,0.371706,0.132454
id01392,0.194982,0.0027435,0.802275
id27874,0.997298,0.0010088,0.00169358
id02294,9.38547e-10,1.0,1.38506e-07
id18298,3.48038e-06,2.49471e-05,0.999972
id06997,0.999266,0.000127395,0.00060706
id05243,0.00494804,0.526844,0.468208
id00860,0.00231647,0.869406,0.128277
id26681,0.998405,0.00159465,8.50923e-07
id06020,1.50431e-06,4.24424e-08,0.999998
id27683,0.996809,0.00161474,0.00157587
id17655,0.0817901,0.917872,0.000337841
id08817,0.00625834,0.0307109,0.963031
id11512,0.000467616,0.00294611,0.996586
id00478,0.0404735,0.00102437,0.958502
id02116,0.982867,0.00061179,0.0165213
id06746,0.995399,0.00437246,0.000228283
id03863,0.00224739,0.990516,0.00723629
id01802,0.00622402,0.342243,0.651533
id11682,0.978581,0.000198414,0.0212209
id04033,0.0363372,0.9405,0.0231633
id09286,0.129733,0.802818,0.0674492
id12904,0.99846,0.00145911,8.10793e-05
id07420,1.40575e-07,3.42019e-07,1.0
id22398,5.54375e-07,0.999994,5.67182e-06
id00424,0.00161358,1.43121e-05,0.998372
id20960,0.980509,0.0188494,0.00064208
id10267,0.74544,0.0222855,0.232274
id19330,0.513503,0.0113631,0.475134
id00994,1.5365e-08,1.0,1.47895e-07
id10785,0.791635,0.171677,0.0366885
id00955,1.25302e-05,0.999864,0.000123726
id09757,0.0024951,0.997308,0.000197101
id10030,3.3587e-05,0.00967677,0.99029
id22952,0.262438,0.0722011,0.665361
id21955,6.03877e-07,0.000201397,0.999798
id07674,0.877855,0.00387832,0.118267
id13760,0.000268668,0.999631,0.000100436
id18166,0.897443,0.00232446,0.100233
id23498,0.999309,0.000663103,2.82185e-05
id05296,0.999999,6.83052e-07,4.29037e-08
id26709,0.791799,0.179827,0.0283738
id02853,0.999253,0.000707024,3.97904e-05
id06800,0.0479442,0.748294,0.203762
id14758,0.784139,0.212503,0.00335734
id12356,0.99988,0.000108432,1.15635e-05
id21492,0.980049,0.0127,0.00725084
id27540,0.183919,0.0093931,0.806688
id07376,0.029012,0.884893,0.0860954
id15201,0.36104,0.637478,0.00148149
id23388,0.00385293,0.981988,0.0141587
id13923,0.000241236,0.999726,3.31022e-05
id00794,1.27451e-05,0.99896,0.00102705
id23910,0.212693,0.063215,0.724092
id02556,0.0021543,0.00455601,0.99329
id22151,2.23097e-05,0.999977,5.15366e-07
id11698,0.0133888,0.945467,0.041144
id11627,0.0987657,0.858721,0.042513
id06340,0.999999,4.73631e-08,7.21149e-07
id05123,0.999964,4.76562e-07,3.55185e-05
id26620,0.00102695,1.7659e-05,0.998955
id04002,0.00292625,0.00318121,0.993893
id26554,0.06704,0.105695,0.827265
id18012,0.629227,0.163323,0.20745
id12964,0.000297859,0.0014551,0.998247
id18965,8.51309e-05,0.0444753,0.95544
id19082,0.0364886,0.000706758,0.962805
id26742,0.0011459,1.79308e-05,0.998836
id15442,0.000610912,0.999089,0.000300633
id16647,0.976804,0.000117294,0.0230791
id11544,1.99384e-05,0.000114139,0.999866
id20581,0.312734,0.128981,0.558285
id13192,0.818048,0.173243,0.00870961
id15814,0.856158,0.0213259,0.122516
id26279,0.000906062,0.999092,1.44482e-06
id00240,0.999969,2.59877e-05,5.39993e-06
id22836,0.999014,0.000865929,0.000119933
id15085,0.000280334,0.993141,0.00657814
id17495,0.944484,0.000111289,0.0554053
id26762,0.818529,0.00878208,0.172689
id13685,1.0,8.79348e-09,5.01398e-08
id16560,0.000718798,0.999227,5.43756e-05
id17184,3.92326e-07,0.999964,3.56508e-05
id21635,0.999994,4.87143e-06,1.40514e-06
id26751,0.00612591,0.99319,0.000683968
id12351,0.899854,0.045551,0.054595
id14872,0.805795,0.186521,0.00768364
id18372,0.991782,0.00794993,0.000268614
id26851,0.996217,0.00272463,0.00105861
id22659,0.799116,0.200879,4.15937e-06
id04102,5.3893e-06,1.22744e-06,0.999993
id02353,0.00649518,0.991372,0.00213316
id26721,0.956609,0.0409579,0.00243306
id11171,0.999032,5.35932e-05,0.000914539
id13562,0.882536,0.104737,0.0127273
id26425,0.978839,0.00179358,0.0193671
id26394,0.0247932,0.0237038,0.951503
id22187,0.770491,0.198579,0.0309301
id00422,0.998894,0.000676117,0.000429479
id22667,9.82239e-05,0.999899,2.92023e-06
id00911,0.997509,4.59135e-05,0.0024453
id17291,0.529237,0.0168662,0.453897
id01915,0.331398,0.0817491,0.586853
id01434,2.41499e-05,1.24209e-05,0.999963
id01584,0.940138,0.00157702,0.0582846
id09266,0.998392,0.000740443,0.000868046
id17494,0.000314583,0.999634,5.18716e-05
id24919,0.843344,0.0355523,0.121104
id21043,0.000285923,0.000104204,0.99961
id17796,0.0152323,0.97314,0.0116281
id02166,0.966282,0.00544775,0.02827
id17503,0.999629,3.10164e-05,0.000339453
id21203,0.969581,0.00322885,0.0271901
id25626,0.999905,9.39012e-05,1.14208e-06
id09836,0.999992,7.55529e-06,1.02818e-07
id24202,5.73874e-05,0.00745991,0.992483
id27260,0.000149837,0.000211876,0.999638
id23167,5.138e-05,3.86613e-06,0.999945
id10393,8.84903e-08,0.999999,9.42555e-07
id01171,0.999568,0.000410798,2.07674e-05
id06380,0.999631,0.000330205,3.88797e-05
id22686,0.795545,4.74879e-05,0.204408
id26250,0.288109,0.00208035,0.709811
id09315,0.00417485,0.979942,0.0158828
id00886,0.0793054,0.918979,0.00171589
id03101,0.856991,0.0949677,0.0480414
id12367,0.744396,0.000161259,0.255443
id10770,0.990765,0.000541351,0.00869377
id14949,5.5227e-05,0.999935,9.63993e-06
id14141,0.00865601,0.991189,0.000154986
id25417,0.976047,0.0205164,0.00343708
id26873,0.568281,0.0139025,0.417816
id10818,0.0481769,0.000409636,0.951414
id15146,0.972101,0.000152504,0.0277463
id23328,0.99523,0.00409781,0.000672471
id16765,0.540997,0.308386,0.150617
id24383,0.992873,0.000185825,0.00694121
id21304,0.957425,0.0413232,0.00125179
id12551,0.0400505,0.954253,0.00569665
id23274,0.0253475,0.00925871,0.965394
id08117,0.988069,0.00543954,0.00649167
id23961,0.9746,0.000538931,0.0248611
id13865,2.74883e-05,0.999852,0.000120646
id22807,0.0651042,0.265384,0.669512
id08951,0.0014159,0.00305506,0.995529
id18684,0.999997,2.11783e-06,6.38959e-07
id25179,0.150472,0.847824,0.00170363
id27033,0.279453,0.0985704,0.621977
id13977,0.000749353,0.998262,0.000988249
id19337,7.59268e-06,0.988172,0.01182
id25764,0.000111898,0.998384,0.0015038
id16106,0.101877,0.0319406,0.866182
id05468,0.00367094,8.48031e-06,0.996321
id05241,0.99998,1.91935e-07,1.92978e-05
id10215,0.908401,0.00187467,0.0897242
id23457,0.00389542,0.0068847,0.98922
id02200,0.953832,0.0388019,0.00736633
id13714,0.00465699,0.99522,0.000122828
id20332,0.000260816,2.27936e-05,0.999716
id18573,0.000596086,0.00792417,0.99148
id08569,0.992049,0.00413156,0.00381924
id22767,0.0201455,0.979408,0.000446976
id25390,0.002525,0.993151,0.00432448
id09288,0.995201,0.000320874,0.00447842
id12381,0.999135,5.72359e-05,0.000808171
id02895,0.000339321,0.00107204,0.998589
id25270,0.000127003,0.000230977,0.999642
id14248,0.0634237,0.00339607,0.93318
id12831,0.988939,0.000385209,0.0106755
id18305,0.999242,0.000542149,0.000216302
id07805,0.985403,0.0144709,0.000125775
id14027,0.000868112,0.000589597,0.998542
id02760,0.993817,0.00519533,0.000987461
id24362,0.999999,4.32678e-07,1.5372e-07
id17065,0.780143,0.214128,0.00572951
id26583,5.14171e-05,0.619268,0.38068
id19664,0.520733,0.473177,0.00608953
id25145,0.999986,9.37166e-06,4.71001e-06
id17858,0.011021,0.988953,2.63976e-05
id05148,0.117485,0.313469,0.569046
id22928,0.997168,0.00275829,7.40385e-05
id21549,0.867249,0.00172318,0.131028
id12649,0.037452,0.96253,1.788e-05
id21597,0.99941,0.000353143,0.00023735
id27945,0.893938,0.00715588,0.0989063
id00243,0.999994,5.61105e-07,5.06e-06
id02745,0.0898192,0.0144932,0.895688
id23550,2.29776e-05,4.66661e-06,0.999972
id13023,8.92154e-07,6.58556e-08,0.999999
id24796,0.0136651,0.00523004,0.981105
id12284,0.611378,0.387332,0.00128966
id02664,2.36643e-07,0.999993,6.57461e-06
id23767,0.848889,0.0768492,0.0742618
id05859,0.000274105,0.989536,0.0101897
id14350,0.0100338,0.00788975,0.982076
id01191,0.0130766,0.808635,0.178289
id17034,0.881118,0.00864861,0.110233
id25292,0.970989,0.0286165,0.000394163
id22121,0.999999,5.58323e-07,1.14753e-07
id20872,1.0,5.26692e-09,7.49058e-12
id17720,0.195562,0.802749,0.0016892
id22658,0.102061,0.895819,0.00211961
id09567,0.806889,0.18195,0.0111608
id16445,0.999473,0.00051802,8.85674e-06
id08349,0.0467873,0.576351,0.376862
id27437,0.00959676,0.153921,0.836482
id03812,0.99927,0.00060851,0.000121771
id22304,0.998898,0.000439479,0.000662946
id04449,0.997253,0.00209716,0.00065012
id15605,0.0936003,0.00587815,0.900522
id01768,0.982102,0.00646066,0.0114369
id20019,0.0615616,0.280498,0.65794
id09593,7.33961e-05,0.985144,0.0147822
id23179,0.848263,0.000274664,0.151462
id21279,0.0591911,0.0711192,0.86969
id06711,3.04985e-06,3.59823e-06,0.999993
id14243,0.000269414,0.999208,0.000522309
id04839,4.77086e-08,0.000103624,0.999896
id17220,4.33418e-05,0.990312,0.00964464
id24177,0.172977,0.0199304,0.807092
id20512,0.000225301,0.000304008,0.999471
id14036,3.95686e-05,0.999947,1.38245e-05
id25001,0.00455813,0.00147241,0.993969
id06175,2.07773e-06,0.999346,0.000651582
id24720,0.0936004,0.428845,0.477555
id08070,0.955551,0.0439952,0.00045374
id18934,0.999071,0.000230289,0.000699034
id01338,0.989239,0.000101402,0.01066
id19008,0.0225118,0.946925,0.0305638
id19632,0.0383489,0.850897,0.110754
id26224,0.000615484,0.016145,0.983239
id08219,0.942516,0.000171483,0.0573122
id24008,7.85394e-08,1.00434e-05,0.99999
id12475,0.0333693,0.953406,0.0132244
id05766,0.000887034,0.0053829,0.99373
id27386,2.19734e-08,1.0,4.48391e-07
id12476,4.28085e-05,0.999947,9.8694e-06
id08311,0.936903,0.0627125,0.000384147
id04996,0.0454726,0.954524,3.91457e-06
id17350,0.00790982,0.991418,0.000672368
id05546,1.3781e-05,0.999974,1.22285e-05
id16504,0.0744563,0.92537,0.000173878
id05782,7.2406e-10,1.26301e-08,1.0
id20560,0.996159,0.000101578,0.00373958
id14171,7.4949e-05,0.00553145,0.994394
id27461,0.482625,0.000555765,0.516819
id03581,0.0725595,0.00384669,0.923594
id21847,0.00581798,0.000599439,0.993583
id11712,0.898867,0.00529264,0.0958406
id26738,1.75775e-05,3.93334e-05,0.999943
id13668,0.999437,0.000519419,4.38669e-05
id15114,0.996735,0.00203267,0.00123264
id20130,0.957343,0.00490419,0.0377531
id18331,0.681538,0.00203445,0.316428
id24465,0.999999,3.40479e-07,7.71661e-07
id13539,0.334095,0.608504,0.0574015
id27564,2.0541e-05,0.99882,0.00115902
id26043,6.05786e-06,3.09604e-07,0.999994
id04965,7.08355e-15,5.06327e-11,1.0
id08645,0.0128025,0.0147439,0.972454
id26610,0.918751,0.00129154,0.079957
id21737,0.131369,0.5045,0.364131
id25784,0.000355197,0.999465,0.000180318
id23030,0.996299,0.00152412,0.00217639
id16450,6.27894e-09,0.99999,1.01476e-05
id02161,0.911102,0.000119624,0.0887783
id25535,0.999004,0.000387395,0.000608982
id16566,0.476594,0.000301896,0.523104
id05714,0.999921,7.61902e-05,2.38362e-06
id16524,0.992728,0.00610372,0.00116853
id23941,0.000115439,0.930967,0.068918
id00831,8.45268e-05,0.0139181,0.985997
id18145,0.42372,0.0121574,0.564122
id17227,1.0,2.25086e-08,5.90998e-08
id09417,0.888629,0.0114661,0.0999051
id21307,0.979995,0.0125551,0.00744971
id05650,0.000440858,0.999501,5.8223e-05
id23901,0.991084,0.00545842,0.00345763
id05831,0.99893,0.000958028,0.000111755
id16708,0.0777404,0.921368,0.000891294
id02281,0.000558453,0.0634607,0.935981
id11599,0.133333,0.00239291,0.864274
id18353,9.16829e-06,0.999979,1.16891e-05
id07413,0.642919,0.346853,0.0102285
id15653,2.94163e-07,0.999999,6.75992e-07
id09715,0.0118805,0.000306539,0.987813
id05108,0.735042,0.263431,0.00152649
id09537,0.977347,0.00131734,0.021336
id27596,0.999765,0.000232462,2.50969e-06
id24255,0.00545484,4.49053e-05,0.9945
id05080,2.82201e-08,8.79679e-08,1.0
id09484,0.999438,3.85399e-05,0.000523688
id14864,0.000487753,5.44256e-07,0.999512
id26836,0.965943,0.0338448,0.000212109
id07003,0.828194,0.111474,0.0603317
id13750,3.1375e-10,1.0,8.72743e-09
id21799,0.0115585,0.0817887,0.906653
id11285,1.0,3.5997e-10,2.86179e-11
id04735,0.965975,0.0325101,0.00151465
id23049,2.37573e-06,0.003319,0.996679
id05826,0.0948053,0.658609,0.246586
id17916,0.926638,0.072187,0.00117478
id14081,0.204778,0.000140475,0.795082
id10527,0.000297241,1.14202e-05,0.999691
id16059,0.00245472,0.995723,0.00182273
id25542,0.997372,0.00260391,2.40506e-05
id05402,2.51863e-08,1.62921e-06,0.999998
id01927,0.97966,0.00250444,0.0178352
id27656,0.058963,0.023171,0.917866
id06708,0.05443,0.703267,0.242303
id03524,0.726835,0.0135061,0.259659
id12297,0.966126,0.00425207,0.0296219
id03439,0.998805,0.00114152,5.33534e-05
id04587,4.93699e-06,0.999607,0.000388424
id25470,0.000482996,0.999511,5.82835e-06
id01212,0.117628,0.881604,0.000767567
id13932,0.900932,0.0487318,0.0503359
id00124,0.00326904,2.50476e-05,0.996706
id01592,0.999007,0.000667524,0.000325149
id13461,0.0109061,0.881744,0.107349
id24681,0.000872054,0.914387,0.0847412
id23245,0.0055852,0.00398352,0.990431
id14073,0.810729,0.0152568,0.174014
id05172,0.998659,8.45233e-05,0.00125658
id21979,0.928546,0.00114413,0.0703096
id00328,0.874586,9.92829e-06,0.125404
id26102,0.997822,0.000366185,0.0018121
id14867,0.340529,0.0286717,0.6308
id27544,0.00115618,0.998777,6.67854e-05
id16228,0.994709,0.00042118,0.00486928
id16342,0.973184,0.025998,0.000817504
id24933,0.999494,0.000167356,0.000338701
id04601,0.787174,0.0339324,0.178894
id01599,0.00194933,0.993974,0.00407656
id06238,0.922792,0.0772041,4.00952e-06
id06826,0.00255933,0.312491,0.68495
id23307,0.99264,0.00630443,0.00105532
id13575,0.999812,0.00015951,2.84666e-05
id24174,0.808385,9.98595e-05,0.191515
id19534,3.14483e-05,0.00151878,0.99845
id19602,0.001248,0.000483326,0.998269
id26962,0.00139297,0.997495,0.00111187
id04448,0.0039739,0.996025,9.97276e-07
id09786,0.645951,0.327981,0.0260677
id25240,0.67999,0.314839,0.00517082
id14893,0.941223,0.0584106,0.000365952
id24221,0.999747,0.000241602,1.18054e-05
id04696,0.970036,5.92945e-05,0.0299042
id15153,0.39469,0.577722,0.0275878
id13882,7.97427e-09,0.999999,1.12396e-06
id17836,0.8488,0.147675,0.00352529
id00574,0.000494381,0.996933,0.00257304
id02078,7.27864e-05,0.993765,0.00616276
id21206,0.13288,0.852152,0.0149678
id20084,0.896763,0.00250026,0.100737
id26598,0.00250894,9.01427e-05,0.997401
id06838,0.498697,0.000110049,0.501193
id08786,7.3268e-05,0.0118024,0.988124
id09550,0.00583426,0.00266049,0.991505
id10206,0.999,2.86703e-05,0.000970883
id21113,0.996408,0.000347193,0.00324448
id21151,0.892974,0.0386256,0.0684004
id02692,0.999098,0.000726237,0.000176089
id26446,0.999614,0.000367255,1.87535e-05
id07377,0.863111,0.134598,0.00229155
id15998,0.990334,0.00693199,0.00273449
id19637,0.999249,0.00040482,0.000346196
id19735,0.017345,0.981806,0.000848723
id13739,0.000389414,0.000191686,0.999419
id25175,0.944829,0.0442017,0.0109692
id00563,0.0426579,0.00342846,0.953914
id09982,0.996946,0.000189631,0.00286393
id15459,7.9736e-11,1.0,6.96723e-11
id20785,0.00125552,0.000954526,0.99779
id07145,1.02991e-06,0.00864838,0.991351
id22204,0.0657543,0.932693,0.00155295
id09285,0.997663,9.95283e-05,0.00223771
id18157,2.30907e-08,4.34459e-07,1.0
id12134,5.85468e-05,7.54389e-06,0.999934
id23914,0.99997,7.58569e-06,2.28259e-05
id10483,0.998854,0.00114569,1.58548e-07
id07092,0.999983,8.17461e-06,9.08753e-06
id14786,0.0129839,0.30329,0.683727
id25741,0.974013,2.88687e-05,0.0259582
id09050,0.00205951,0.997892,4.8049e-05
id04938,0.974422,0.00590685,0.0196716
id05901,0.996211,0.0024989,0.00129037
id16975,0.00179128,0.99627,0.00193907
id08547,0.00177613,6.35716e-05,0.99816
id16355,0.993394,8.35245e-05,0.00652242
id14568,0.994045,5.78058e-05,0.00589756
id25599,0.00940017,0.936986,0.0536138
id01670,1.53184e-07,1.0,3.14757e-07
id23945,0.00949727,0.990301,0.000202045
id17394,0.00867286,0.00164262,0.989685
id06501,0.000831019,0.997901,0.00126751
id26234,0.00371913,0.994503,0.00177754
id21280,0.00188886,1.86252e-05,0.998092
id20048,0.000776372,0.00965591,0.989568
id01216,0.0281843,0.681018,0.290798
id25320,0.999817,0.000109199,7.41217e-05
id22833,0.00798624,0.00596069,0.986053
id22056,0.404816,0.587137,0.00804683
id02275,1.55798e-06,0.999991,7.71332e-06
id26127,0.796486,0.000291905,0.203222
id17011,0.000312043,0.99967,1.80561e-05
id13847,0.999985,1.38396e-05,1.53823e-06
id00013,8.36645e-05,0.999877,3.97087e-05
id16463,0.999504,0.000485059,1.13163e-05
id04845,0.0881665,0.906097,0.00573695
id01787,0.000352196,0.0185565,0.981091
id08637,0.980677,0.0123159,0.0070066
id11414,0.000110708,1.81452e-05,0.999871
id13177,0.00128251,0.0316346,0.967083
id24517,0.999304,0.000677285,1.86829e-05
id26838,0.95847,0.00213873,0.0393912
id23081,1.85316e-06,0.99999,8.32555e-06
id16327,0.0227906,0.97702,0.000189071
id27282,0.00279092,0.996634,0.000575388
id07489,0.911995,0.00203325,0.085972
id01718,1.64698e-05,8.58107e-07,0.999983
id15441,0.967478,0.0246626,0.00785972
id27736,0.00050274,0.651103,0.348394
id16324,0.000186244,0.00176401,0.99805
id12027,0.00344435,0.0679151,0.928641
id24653,0.000698797,0.9993,9.32754e-07
id17541,0.111998,0.0242229,0.86378
id22406,0.000152712,0.964516,0.035331
id18356,0.930176,0.0673814,0.00244255
id04505,0.995509,0.00166313,0.00282755
id04246,0.738919,0.149522,0.111559
id07368,0.612149,0.152352,0.235499
id26185,0.000126208,0.000965437,0.998908
id08878,0.0122746,0.137498,0.850227
id27691,0.00269673,8.94388e-05,0.997214
id18004,0.988013,0.00504398,0.00694332
id24426,0.881083,0.0110213,0.107896
id14164,0.999987,7.11478e-06,6.15735e-06
id12653,1.06664e-05,0.997532,0.00245676
id18060,0.45977,7.56175e-05,0.540154
id18556,0.378127,0.0313929,0.59048
id27371,0.0615808,0.0633407,0.875078
id11989,0.0531593,0.586303,0.360537
id26095,0.981001,0.0179012,0.00109803
id24978,0.329738,0.26253,0.407732
id20322,0.991944,0.00024016,0.00781609
id01954,0.973343,0.0263026,0.000354011
id07434,0.00287845,0.0261455,0.970976
id18144,0.00148855,0.00117949,0.997332
id16250,0.065646,0.930974,0.00338002
id17793,0.00015756,0.00599423,0.993848
id24067,0.000564818,0.000241406,0.999194
id13891,0.0130353,8.42882e-06,0.986956
id07334,0.000305805,0.998361,0.00133338
id15633,5.7121e-05,0.998185,0.00175771
id23239,0.995824,6.95583e-05,0.00410656
id10674,0.542266,0.162376,0.295359
id22093,0.601653,0.396457,0.00188968
id08444,0.0332447,0.803775,0.16298
id03257,0.224364,0.234955,0.540681
id10040,0.674527,0.270318,0.0551556
id04902,5.45215e-06,4.99969e-07,0.999994
id01219,0.64627,0.353145,0.0005851
id01340,0.999982,1.39265e-05,4.31192e-06
id05117,6.53922e-06,0.999967,2.6742e-05
id04908,0.228395,0.00562555,0.76598
id03626,0.00381946,0.000121395,0.996059
id01888,0.999649,0.00021043,0.000140681
id17199,0.0272757,0.000679755,0.972045
id11200,0.00531877,0.9944,0.000281636
id27561,0.168091,0.000720261,0.831189
id20966,0.0157937,0.984031,0.000175458
id10257,3.44656e-05,0.999964,1.54121e-06
id21168,0.000322187,0.841307,0.15837
id23363,0.0196905,6.20257e-05,0.980247
id05321,0.991796,0.00513094,0.00307339
id09928,1.78448e-08,8.90861e-07,0.999999
id18015,0.724301,0.272577,0.00312133
id02082,3.5603e-07,0.999999,2.44943e-07
id19279,0.934648,0.0535419,0.0118098
id08541,0.463023,0.527447,0.00953006
id15249,0.0486307,0.951112,0.000257014
id03609,0.00264859,0.97194,0.025411
id22902,0.593246,0.00799542,0.398759
id17733,0.988499,0.0106095,0.000891773
id07554,0.00489251,0.00990953,0.985198
id14120,0.930496,0.00327948,0.0662248
id21802,0.0143122,0.974198,0.0114904
id15614,0.021808,0.977676,0.000516086
id19437,3.80645e-05,7.53931e-05,0.999887
id22698,0.765108,0.234824,6.86272e-05
id21841,4.21555e-08,0.999997,2.80498e-06
id16177,0.613868,0.386117,1.52436e-05
id15887,0.00248618,0.0230057,0.974508
id22629,0.630754,0.00101915,0.368227
id10346,0.999992,4.37604e-06,3.05657e-06
id05154,0.999519,7.24301e-05,0.000408791
id22913,0.57866,0.421032,0.000307914
id10544,0.00588168,0.0226839,0.971434
id08703,0.0629754,0.935865,0.00115972
id12817,0.995977,1.94694e-05,0.00400317
id25433,0.99921,0.000467797,0.000322731
id25112,0.011703,8.58429e-05,0.988211
id05054,0.00401835,0.879843,0.116139
id02311,0.0221374,0.975174,0.00268849
id22160,0.106273,0.796728,0.0969992
id17422,0.999849,0.00014028,1.03251e-05
id18985,0.97307,0.00380773,0.0231219
id21905,0.0134961,9.34297e-05,0.98641
id17474,0.998715,0.00120239,8.23525e-05
id15236,9.64274e-06,0.983124,0.0168666
id13964,0.623277,0.14634,0.230383
id15962,7.97091e-10,1.0,2.30404e-09
id20866,0.00166355,0.0151828,0.983154
id06625,0.00450834,0.00109373,0.994398
id09793,0.647077,0.0120906,0.340833
id17365,0.00103294,0.997341,0.00162619
id18463,0.0121881,0.961467,0.0263452
id20693,0.0010807,0.988397,0.0105222
id08785,1.40902e-07,1.0,1.88098e-07
id06783,0.000688496,0.9979,0.00141148
id23178,0.00501785,0.000271594,0.994711
id13513,1.44476e-06,0.999997,1.78625e-06
id25361,7.24834e-05,0.0011679,0.99876
id22319,0.99771,0.000522377,0.00176731
id14024,0.180567,0.000834078,0.818599
id24186,0.0677889,0.927107,0.00510375
id20965,0.999999,8.89365e-07,1.11468e-07
id06242,0.0062899,0.000661537,0.993049
id25665,0.000608687,0.13209,0.867301
id09706,0.968331,0.0205315,0.0111373
id11026,8.43866e-07,0.99998,1.86976e-05
id04223,0.998434,0.000762276,0.000804002
id19674,0.111939,0.874458,0.0136023
id23420,0.000381125,0.623401,0.376218
id18059,1.46718e-05,0.99998,5.49825e-06
id22576,0.999499,0.000402316,9.89336e-05
id18495,9.33528e-08,0.999999,1.21303e-06
id14139,0.999849,1.92579e-06,0.000149379
id18313,0.00323055,0.996147,0.000622158
id27356,0.997485,0.00175928,0.000755286
id16035,0.052129,0.0107284,0.937143
id04182,0.794053,0.059905,0.146042
id15667,0.995152,0.0015629,0.00328499
id08713,0.998128,0.00135732,0.000514815
id25563,2.0127e-05,0.999931,4.91409e-05
id17023,0.999998,2.09476e-06,1.60996e-07
id03014,2.29895e-05,0.964848,0.0351288
id23812,6.25381e-07,0.999999,5.36902e-09
id20057,0.00291657,0.52048,0.476604
id12385,0.902801,0.0204716,0.0767274
id24416,0.576847,0.422692,0.000460303
id15672,2.98534e-05,0.998194,0.00177654
id13868,0.192692,0.791379,0.015929
id21095,3.72527e-05,4.15573e-05,0.999921
id05305,0.841033,0.116277,0.0426898
id15384,0.0400624,0.246791,0.713147
id14049,1.40346e-05,1.51729e-06,0.999985
id23441,0.994104,0.00522709,0.00066871
id12856,0.837362,0.000526967,0.162112
id16055,0.000237512,0.000393723,0.999369
id24771,0.968032,0.0245819,0.00738581
id14053,0.995129,0.000106361,0.00476465
id19547,0.00174061,0.203133,0.795127
id03639,0.243678,0.744379,0.0119431
id14546,0.887254,0.109853,0.00289258
id13935,0.892781,0.0614633,0.0457558
id20335,0.0106122,0.977153,0.0122347
id07301,0.351411,0.533113,0.115476
id10186,0.997528,4.89338e-05,0.00242269
id00192,0.88235,0.108289,0.00936116
id17851,0.923444,0.070366,0.00618997
id08403,0.133543,0.808452,0.0580053
id06183,0.875575,0.0189632,0.105462
id24738,0.0165777,0.91487,0.0685524
id15112,0.998289,7.68246e-07,0.00171036
id19819,5.37954e-05,1.30264e-05,0.999933
id17722,8.10248e-07,5.42101e-06,0.999994
