id,EAP,HPL,MWS
id02310,0.00548263,0.00229785,0.99222
id24541,0.954437,0.0425875,0.00297537
id00134,0.044221,0.948416,0.00736278
id27757,0.96998,0.0250138,0.00500672
id04081,0.954833,0.0121018,0.0330654
id27337,0.141916,0.857242,0.000842178
id24265,0.978005,0.0188902,0.00310519
id25917,0.120438,0.197797,0.681765
id04951,0.992947,0.00705079,1.7726e-06
id14549,0.996102,0.00177325,0.00212466
id22505,0.0437353,0.749078,0.207187
id24002,1.41073e-05,0.999647,0.000338486
id18982,0.0103276,0.901234,0.0884381
id15181,0.000817823,0.999127,5.49074e-05
id21888,0.994906,0.000411861,0.0046819
id12035,0.000136524,1.04313e-05,0.999853
id17991,0.0155714,0.000608326,0.98382
id10707,0.999999,1.21378e-06,1.15999e-07
id07101,0.0545575,0.0562637,0.889179
id00345,0.217271,0.774013,0.00871614
id05912,0.949529,0.00131363,0.0491576
id13443,0.997605,0.00131605,0.00107926
id09248,0.332297,0.0190027,0.6487
id17542,0.00036005,0.999476,0.000163848
id06995,0.0661627,0.0362641,0.897573
id25159,0.454298,0.0122963,0.533405
id25729,0.762847,0.177162,0.0599901
id26949,0.995446,0.001798,0.00275638
id27191,0.137975,0.00413793,0.857887
id07668,0.122183,0.0194774,0.85834
id02230,0.0451362,0.188889,0.765975
id15553,0.999218,0.000454094,0.000328219
id25688,0.000124546,0.998999,0.000876705
id17545,0.999811,0.000183645,5.71538e-06
id13929,0.733978,0.139485,0.126537
id12880,0.606969,0.175531,0.217501
id19282,0.736186,0.1281,0.135714
id14690,4.28922e-05,1.90326e-05,0.999938
id17975,0.00197688,0.997139,0.000883718
id08037,0.956047,0.00241269,0.0415407
id15412,0.267983,0.000766519,0.73125
id25032,0.292077,0.00648396,0.701439
id27165,0.999999,6.98436e-07,5.62439e-07
id03327,0.989474,0.00573591,0.00479039
id18515,0.992437,0.000737619,0.00682576
id21003,0.470629,0.036096,0.493275
id23855,1.65857e-06,0.999674,0.000324437
id20724,0.95831,0.00812821,0.0335613
id13303,0.684936,0.0621679,0.252897
id16521,0.000219749,0.872467,0.127314
id20775,0.997262,0.00154334,0.00119462
id13029,0.999597,0.00037083,3.1957e-05
id14660,0.767247,0.22421,0.00854211
id11028,0.000163846,1.60417e-06,0.999835
id14180,0.995415,0.0039223,0.000662261
id25860,0.999296,0.000634135,6.9955e-05
id11910,0.788569,0.0110392,0.200392
id08065,0.166357,0.00530167,0.828341
id22674,0.00584506,0.0127607,0.981394
id25018,0.43323,0.002229,0.564541
id10892,0.0369814,0.960028,0.00299084
id10217,0.00638068,0.992156,0.00146356
id12996,0.0484735,0.00191584,0.949611
id18262,0.380008,0.0738508,0.546142
id08606,0.0353937,0.959307,0.00529954
id17233,0.999962,1.88711e-05,1.91959e-05
id00101,0.703762,0.235432,0.0608063
id12225,0.978913,0.0205388,0.000548002
id01364,0.103765,0.892475,0.0037604
id24973,0.71199,0.000530031,0.28748
id25363,0.923663,0.00136232,0.0749748
id10061,0.636427,0.0634411,0.300132
id17673,0.566369,0.380193,0.0534384
id13249,0.0987824,0.00589886,0.895319
id10107,5.58462e-06,1.39478e-06,0.999993
id04403,0.95492,0.0144582,0.0306222
id25728,0.994721,0.00371883,0.00155991
id16184,0.0922676,0.0727182,0.835014
id03438,0.00044014,5.07075e-06,0.999555
id22923,0.00139352,0.9985,0.000106205
id08610,0.999844,3.96542e-06,0.000151699
id25355,0.00992434,0.0143516,0.975724
id16916,0.946408,0.0525132,0.00107848
id12793,0.0576817,0.928158,0.0141601
id11859,0.644793,0.000848289,0.354359
id02434,0.999979,2.02191e-05,3.12392e-07
id27703,0.0117548,0.000477192,0.987768
id25212,0.0441657,0.947226,0.00860854
id11308,0.0015266,0.368103,0.63037
id26094,0.787389,0.190954,0.0216578
id22080,0.997714,0.00227938,6.43234e-06
id03545,0.999497,0.000427591,7.49393e-05
id23725,0.015888,0.025005,0.959107
id12009,0.984874,0.0051883,0.00993738
id24241,0.0921044,0.740035,0.167861
id03596,0.00238227,0.993565,0.00405273
id10749,0.0182639,0.97808,0.00365624
id22794,0.00131035,0.000675046,0.998015
id15482,0.628358,0.176019,0.195623
id04833,0.643624,0.339131,0.0172455
id00397,0.447075,0.00141114,0.551514
id14691,0.085914,0.0840736,0.830012
id05193,0.00216582,0.000420718,0.997413
id19541,0.937274,0.0459673,0.0167593
id22166,0.000288913,0.000411734,0.999299
id20744,0.00682844,0.000828188,0.992343
id10392,0.00610947,0.00717854,0.986712
id00770,0.990349,0.00411116,0.00554014
id06018,0.936733,0.0286753,0.0345915
id15678,0.587776,0.00104318,0.411181
id08305,0.999713,0.000282827,3.94841e-06
id08903,0.144803,0.00105618,0.85414
id14752,0.173612,0.806383,0.0200055
id12468,0.00567172,0.993513,0.000815339
id05085,0.869125,0.129787,0.00108818
id21993,0.304194,0.00765888,0.688147
id15503,0.950893,0.0490222,8.4727e-05
id03021,1.6282e-06,0.999887,0.000110819
id16123,0.999587,0.000191855,0.000221503
id19383,0.999967,2.9429e-05,4.02196e-06
id04186,0.999813,5.40025e-05,0.000132612
id17954,0.00283533,0.000153581,0.997011
id12030,0.138923,0.000399317,0.860677
id13020,0.929313,0.0681963,0.0024909
id25327,0.00186266,0.977376,0.0207612
id16344,0.00158287,0.128484,0.869933
id12303,0.264371,0.730647,0.00498164
id15017,0.992188,0.00424488,0.00356748
id22308,0.169851,0.0119605,0.818189
id06536,0.0205484,0.537375,0.442076
id19797,0.00886666,0.930146,0.0609872
id06332,0.388032,0.587106,0.0248619
id22941,0.043665,0.0852344,0.871101
id13547,0.00128088,0.020305,0.978414
id06928,0.0425977,0.000287088,0.957115
id12521,0.0101821,0.989626,0.000192288
id25716,0.826239,7.13745e-05,0.173689
id27116,9.05445e-11,1.13493e-09,1.0
id19941,0.00082763,0.998964,0.000208218
id05711,3.24238e-07,0.000819344,0.99918
id02097,6.11885e-05,0.00470687,0.995232
id03563,0.0137853,0.984195,0.00202
id02295,0.727165,0.271397,0.00143828
id08179,0.948817,0.0170799,0.0341032
id05332,4.89975e-05,0.999683,0.000268161
id15697,0.838052,0.117397,0.0445505
id17026,0.663808,0.0546599,0.281532
id04243,0.525451,0.472985,0.00156439
id13175,0.999979,9.43389e-06,1.13433e-05
id05387,0.985005,0.00616899,0.00882612
id19989,0.980935,0.0183438,0.000721526
id25173,0.0369808,0.0233812,0.939638
id08925,0.000653767,0.99933,1.65188e-05
id03034,0.000183075,0.995113,0.00470433
id13272,0.000244978,0.99883,0.000925343
id07956,0.997291,0.000250499,0.00245844
id02648,1.24656e-08,1.21444e-06,0.999999
id01778,0.0177607,8.96671e-05,0.98215
id12846,0.00198073,0.00034868,0.997671
id19001,0.881924,0.00238729,0.115689
id05763,0.945875,0.00261435,0.051511
id15590,9.06616e-07,6.03595e-06,0.999993
id04912,0.94389,0.0291938,0.0269163
id21201,0.959478,0.0150394,0.0254825
id13215,0.999992,3.74589e-07,7.96235e-06
id15612,0.000200824,0.999364,0.000435547
id18501,0.0076508,0.00362402,0.988725
id07223,0.85739,0.087102,0.0555086
id06707,0.0786197,0.656447,0.264934
id05238,0.000135303,0.99985,1.44188e-05
id00935,0.00352187,0.314637,0.681841
id00110,0.0849653,0.458459,0.456576
id17476,0.958771,0.0383558,0.00287352
id15170,0.998123,0.00157824,0.00029825
id13397,0.949222,0.00681911,0.043959
id24283,0.857343,0.117826,0.0248317
id15234,0.999194,0.000783676,2.2627e-05
id16884,0.30784,0.224175,0.467985
id07831,0.0448312,0.916231,0.0389379
id16038,0.999813,0.000185751,1.18376e-06
id03629,0.993697,0.00373577,0.00256691
id21019,0.990143,0.00859588,0.00126135
id21835,0.968122,0.00177186,0.0301061
id04480,0.00540732,0.994514,7.88334e-05
id20838,0.88299,0.114621,0.00238898
id24195,0.91155,0.0230585,0.0653913
id05448,0.944457,0.0345284,0.0210143
id15957,0.000832098,0.998222,0.000945808
id19956,0.00155136,3.45947e-06,0.998445
id15104,0.0222481,0.00889724,0.968855
id17559,0.986683,0.00292423,0.0103924
id16839,0.174985,0.0304705,0.794544
id14493,0.872495,0.00130726,0.126198
id08833,0.841848,0.0024811,0.155671
id15723,0.0156653,0.00125035,0.983084
id02716,0.996595,0.00121795,0.00218671
id06689,0.00297228,0.996051,0.000976912
id18837,0.349034,0.00821944,0.642746
id04466,0.980444,0.0120188,0.00753739
id00686,0.916562,0.0449598,0.0384781
id09010,0.303234,0.694502,0.00226369
id23353,0.997994,5.45622e-05,0.0019511
id00066,0.615908,0.380721,0.00337182
id15724,0.440098,0.530409,0.029494
id23486,0.0565907,0.000120852,0.943288
id22258,0.00123942,0.00250014,0.99626
id02292,0.693794,0.066192,0.240014
id16356,0.127487,0.00711155,0.865401
id00235,0.82418,0.00612236,0.169698
id25522,0.0223066,0.00239459,0.975299
id04204,5.31053e-06,0.999993,1.61962e-06
id22016,0.269796,0.0035702,0.726634
id06480,0.420499,0.57198,0.00752143
id08718,0.000371921,2.28156e-05,0.999605
id05251,0.00424029,0.99433,0.00142978
id03359,0.767773,0.221136,0.011091
id16117,0.0112676,0.00038009,0.988352
id17000,0.0024031,0.996082,0.0015146
id01730,0.0628051,0.934377,0.00281807
id00630,0.985803,0.0135587,0.000638315
id18175,0.000300819,0.00173192,0.997967
id00907,0.936446,0.0347237,0.0288307
id18251,0.0110121,0.983917,0.0050709
id25861,0.609245,0.336357,0.0543973
id00398,0.957817,0.0266049,0.0155776
id27573,0.991786,0.000148594,0.00806545
id10022,0.00382891,0.97163,0.0245412
id15901,0.788414,0.00089463,0.210691
id00451,0.0135555,0.0565018,0.929943
id23129,0.00538301,0.994509,0.000107798
id26498,0.348306,0.59719,0.0545035
id14741,0.980072,0.00182753,0.018101
id18453,0.142763,0.0260346,0.831202
id08309,0.994604,0.0051483,0.000247579
id00320,0.999104,0.000492481,0.000403574
id07688,0.12267,0.00494337,0.872387
id01556,0.00260344,6.74355e-06,0.99739
id00178,0.763499,0.0769068,0.159594
id18902,0.0184457,0.0822655,0.899289
id27002,0.00432403,0.994529,0.00114667
id21418,0.999957,3.76057e-05,5.7347e-06
id23018,0.473969,0.190007,0.336024
id07032,0.432042,0.0424701,0.525487
id16195,0.205429,0.00772667,0.786844
id11202,0.000773798,0.993258,0.00596835
id09578,0.18131,0.0306921,0.787997
id26984,0.993352,6.32729e-05,0.00658488
id19856,3.65381e-05,0.999935,2.79786e-05
id12086,0.798406,0.00261533,0.198978
id12052,0.000263591,2.46626e-05,0.999712
id17728,2.56631e-06,0.000122313,0.999875
id24608,0.971712,0.0140559,0.014232
id21097,0.861891,0.00618951,0.131919
id20179,2.06828e-05,0.000650848,0.999328
id15144,0.763171,0.189482,0.0473467
id00206,0.996577,0.00192857,0.00149442
id22285,0.0231146,0.000820347,0.976065
id06417,0.00106785,0.997218,0.00171388
id00215,2.18959e-05,0.999966,1.17269e-05
id04201,0.0833705,0.0175832,0.899046
id21771,0.998294,0.000793265,0.000913158
id12451,0.0261379,0.576353,0.39751
id14250,0.0156427,0.660475,0.323882
id03433,0.00160785,0.99814,0.000252572
id03303,0.0158309,0.00125536,0.982914
id25901,0.658701,0.108319,0.23298
id06945,0.961761,0.0215512,0.0166881
id05664,0.539241,0.457748,0.00301108
id05741,0.992007,0.00527654,0.00271658
id10652,0.999869,0.000110368,2.02311e-05
id16300,0.940097,0.0117484,0.0481544
id12319,0.108268,0.396188,0.495545
id07500,0.0178614,0.979641,0.00249779
id12478,0.0473214,0.278789,0.67389
id03076,0.0333309,0.000925742,0.965743
id00969,0.0233441,0.975018,0.0016383
id23636,0.000780932,0.999037,0.00018228
id09791,0.109783,0.345164,0.545053
id05680,0.0094003,0.914453,0.076147
id03672,0.00410015,0.332503,0.663397
id04286,0.0017184,0.994174,0.00410791
id23883,0.015129,0.0288918,0.955979
id11914,0.0599628,0.00339515,0.936642
id20974,0.000365981,0.999522,0.000111987
id26125,0.0378366,0.00166278,0.960501
id15543,0.175007,0.00203921,0.822954
id19471,0.999916,6.32549e-05,2.09758e-05
id11503,0.988987,0.00732994,0.00368283
id09321,3.71451e-05,0.978931,0.0210316
id25560,4.82712e-07,4.44658e-05,0.999955
id06726,0.685556,0.017634,0.29681
id05709,0.982914,0.000314955,0.0167709
id09788,0.138056,0.415248,0.446696
id05289,0.996357,0.0034076,0.000235397
id11815,0.000323301,0.999601,7.52623e-05
id22422,0.830801,0.0340413,0.135157
id25954,0.967996,0.010114,0.0218904
id13601,0.556272,0.0406272,0.403101
id05677,0.995195,0.00396473,0.000840658
id10498,0.000286681,0.999439,0.000274261
id02665,0.929825,0.0574259,0.012749
id10114,0.330528,0.624276,0.0451964
id26314,0.994125,0.000490564,0.00538433
id21240,0.827823,0.130796,0.0413808
id15569,0.971417,0.0272269,0.00135573
id25928,0.725776,0.0231755,0.251048
id22706,0.0208295,0.978665,0.000505977
id20877,0.00343722,0.971908,0.0246552
id04318,0.999954,4.3406e-05,2.58171e-06
id18299,0.391138,0.492002,0.11686
id08126,0.0287372,0.00309872,0.968164
id14293,0.402299,0.00100221,0.596698
id12759,0.989055,0.00133776,0.00960711
id11983,0.857309,0.0258344,0.116857
id05580,0.0323351,0.953083,0.0145824
id25846,0.500315,0.393021,0.106663
id01939,0.104577,0.00358027,0.891843
id26327,0.0276045,0.0529051,0.91949
id11068,0.000326244,3.18108e-06,0.999671
id08404,0.993708,0.00233945,0.00395211
id27189,0.794739,0.202527,0.00273377
id15119,0.00598034,0.975358,0.0186614
id26525,0.998998,0.000512668,0.000489833
id03618,0.711349,0.27517,0.0134803
id27220,0.999878,4.02084e-06,0.000117605
id18777,0.00928403,8.47218e-06,0.990708
id20213,0.999255,0.000293226,0.00045161
id20403,0.968203,0.020854,0.0109426
id03777,0.249817,0.0439042,0.706279
id10595,0.0643095,0.843679,0.0920115
id13816,0.357358,0.00609049,0.636552
id05667,0.000606219,0.00209571,0.997298
id24629,0.830911,0.0726478,0.0964412
id20398,0.120255,0.41482,0.464925
id14108,0.000563855,0.000322435,0.999114
id06196,1.1253e-05,0.999975,1.41619e-05
id02800,0.0784641,0.891509,0.0300272
id18732,0.000144199,0.991967,0.00788876
id11915,0.0369993,0.898924,0.0640765
id09739,0.883956,0.0465356,0.0695082
id24672,0.984174,0.0146439,0.00118249
id00414,0.00190295,0.0443158,0.953781
id16307,0.970577,0.0281082,0.00131459
id14043,0.00615801,0.00052348,0.993319
id00517,1.07783e-05,0.00172231,0.998267
id09744,0.965127,0.034839,3.45418e-05
id19257,0.969841,0.0273029,0.00285584
id15437,0.152614,0.825873,0.0215135
id16352,0.0107842,0.00293694,0.986279
id18849,0.0395786,0.000137914,0.960283
id19434,8.12273e-07,0.999998,7.52055e-07
id17928,0.0171442,0.0157905,0.967065
id16896,0.0504,0.00179072,0.947809
id02135,0.100346,0.433432,0.466222
id15075,0.853658,0.134807,0.0115346
id27486,0.000710489,0.999237,5.23372e-05
id19422,0.995782,0.00389432,0.000323698
id09603,0.0268094,0.967782,0.00540814
id02133,0.00083774,0.984499,0.0146635
id03441,0.874134,0.0139611,0.111905
id02398,4.43143e-06,0.99999,6.01074e-06
id05152,0.0198809,0.164649,0.81547
id17838,0.455062,0.003874,0.541064
id25060,0.868339,0.131009,0.000652513
id09998,0.0165919,0.0356718,0.947736
id01828,0.0252936,0.928278,0.0464285
id25377,0.0767626,0.112422,0.810816
id22175,0.0095165,0.988467,0.00201639
id02974,0.0273308,0.160919,0.81175
id26955,0.99991,8.86861e-05,8.31878e-07
id21091,0.993582,0.00249962,0.0039183
id12802,0.982184,0.0032776,0.0145383
id07432,0.00285475,0.942707,0.0544387
id18749,0.0537115,0.82343,0.122858
id15030,0.000657292,0.00983677,0.989506
id17155,0.000320204,0.999006,0.000673326
id08128,0.00819387,0.896981,0.0948247
id25706,9.95913e-06,0.996387,0.00360297
id15645,0.995518,0.00418982,0.000292675
id04943,0.839125,0.159749,0.00112589
id27566,0.00454171,0.0306421,0.964816
id11765,0.31235,0.134337,0.553313
id13783,0.810219,0.150434,0.0393466
id00492,0.0115893,0.0088635,0.979547
id27636,0.0151767,0.14629,0.838533
id04273,0.891055,0.0737688,0.0351758
id02537,0.608246,0.0917499,0.300005
id24349,0.25018,0.749137,0.000682378
id00023,2.89929e-05,0.998878,0.00109291
id23025,0.00423636,0.995592,0.000172029
id08722,0.998205,7.59399e-05,0.00171894
id02420,0.983391,0.0158821,0.000726778
id10811,0.657478,0.0534239,0.289098
id04019,0.179145,0.0196284,0.801227
id18334,0.999872,0.00012303,5.18933e-06
id16781,0.0239846,0.975813,0.000201975
id08773,0.958844,0.0324796,0.00867638
id19214,0.995361,0.00104887,0.00359014
id09589,3.18243e-09,0.999988,1.16934e-05
id24246,0.765692,0.222748,0.01156
id23577,0.233842,0.765742,0.000415804
id09305,0.986026,0.00950436,0.0044702
id16460,0.693034,0.0135201,0.293446
id21115,0.984554,0.00317791,0.0122678
id25996,0.492641,0.0190341,0.488325
id02551,0.000393655,0.00812523,0.991481
id19352,0.00100905,0.000449479,0.998541
id03806,0.0226473,0.00221751,0.975135
id26544,0.99925,0.000159749,0.000590599
id18761,0.984092,0.00934654,0.00656139
id24148,0.0721109,0.925746,0.0021426
id16095,0.000200414,0.985548,0.0142518
id18442,0.83976,0.00390759,0.156332
id22596,1.01814e-09,2.93064e-08,1.0
id23002,0.000236976,3.61664e-05,0.999727
id04797,0.993039,0.00362954,0.0033316
id06610,0.108186,0.00256046,0.889254
id16173,0.00129983,0.991376,0.00732374
id18292,0.131117,0.0837427,0.78514
id27328,0.999887,3.11615e-05,8.16589e-05
id01695,4.11014e-06,0.999986,9.98977e-06
id05761,0.586673,0.00104066,0.412286
id16354,0.994829,0.00022206,0.00494881
id12207,0.00227803,0.955053,0.0426687
id05665,0.00593554,0.000365694,0.993699
id01911,0.98004,0.0173513,0.00260837
id19153,0.00272157,0.000450807,0.996828
id10295,0.561396,0.0168226,0.421782
id23038,0.871966,0.127968,6.5569e-05
id23783,0.743384,0.254488,0.00212853
id27879,0.299812,0.694955,0.00523245
id19190,0.00076058,0.999239,8.65095e-07
id05065,0.625034,0.013151,0.361815
id21296,0.0354368,0.924599,0.0399643
id13262,0.00393277,0.141875,0.854193
id10333,0.975503,0.00259107,0.0219055
id16677,0.428136,0.481718,0.0901456
id01392,0.534683,0.00731497,0.458002
id27874,0.993482,0.00349584,0.00302245
id02294,5.87237e-07,0.999993,5.93081e-06
id18298,6.21529e-05,0.000187197,0.999751
id06997,0.988854,0.00259315,0.00855258
id05243,0.0630132,0.359523,0.577464
id00860,0.0255022,0.792319,0.182178
id26681,0.997169,0.00282145,9.78009e-06
id06020,5.15143e-06,2.80973e-06,0.999992
id27683,0.983557,0.00829121,0.00815226
id17655,0.136837,0.861277,0.00188548
id08817,0.0121023,0.27843,0.709467
id11512,0.00206224,0.0258525,0.972085
id00478,0.196236,0.0164499,0.787314
id02116,0.986688,0.00205602,0.0112555
id06746,0.983632,0.0152241,0.00114396
id03863,0.0757401,0.908176,0.0160834
id01802,0.0215875,0.487186,0.491227
id11682,0.969624,0.00675859,0.0236174
id04033,0.0277259,0.947732,0.0245418
id09286,0.100866,0.529851,0.369284
id12904,0.996352,0.00286468,0.000783131
id07420,1.79403e-06,1.60796e-05,0.999982
id22398,1.50642e-05,0.999873,0.000112081
id00424,0.0242726,0.000960576,0.974767
id20960,0.990292,0.00873439,0.00097339
id10267,0.825278,0.0715305,0.103192
id19330,0.455513,0.00483115,0.539656
id00994,2.37531e-06,0.99998,1.78634e-05
id10785,0.586583,0.37427,0.0391471
id00955,0.00164217,0.997312,0.00104535
id09757,0.00415251,0.993472,0.00237584
id10030,0.000743168,0.0816816,0.917575
id22952,0.0720113,0.0601466,0.867842
id21955,4.89087e-07,0.000305001,0.999695
id07674,0.768081,0.029293,0.202626
id13760,0.00452881,0.99346,0.00201158
id18166,0.864316,0.00389152,0.131792
id23498,0.992842,0.00664929,0.000508932
id05296,0.999995,3.80813e-06,1.33439e-06
id26709,0.756724,0.215321,0.0279545
id02853,0.99902,0.000784775,0.000194745
id06800,0.150074,0.611863,0.238063
id14758,0.67843,0.306551,0.015019
id12356,0.99956,0.000276168,0.000164026
id21492,0.944689,0.0226206,0.0326905
id27540,0.209509,0.0238751,0.766616
id07376,0.0244294,0.752079,0.223492
id15201,0.493545,0.495428,0.0110263
id23388,0.00991291,0.978414,0.0116729
id13923,0.00433274,0.995086,0.00058159
id00794,0.000175066,0.994942,0.00488268
id23910,0.204086,0.183651,0.612263
id02556,0.00216637,0.00725748,0.990576
id22151,0.00109018,0.998824,8.60695e-05
id11698,0.0249992,0.939318,0.0356826
id11627,0.0643135,0.770663,0.165023
id06340,0.999982,2.62245e-06,1.53217e-05
id05123,0.99958,8.20095e-06,0.000411555
id26620,0.00324495,4.43541e-05,0.996711
id04002,0.0474772,0.032033,0.92049
id26554,0.187716,0.26192,0.550364
id18012,0.595885,0.239209,0.164906
id12964,0.00135727,0.0117952,0.986847
id18965,0.00056184,0.063417,0.936021
id19082,0.098098,0.00323553,0.898666
id26742,0.00275719,0.00023346,0.997009
id15442,0.00151429,0.998066,0.000419279
id16647,0.959536,0.000515186,0.0399491
id11544,0.000372469,0.00815634,0.991471
id20581,0.441183,0.0111193,0.547697
id13192,0.581557,0.396393,0.0220499
id15814,0.447448,0.0931002,0.459452
id26279,0.00118645,0.998768,4.55354e-05
id00240,0.999767,0.000201767,3.11995e-05
id22836,0.993208,0.00330788,0.00348405
id15085,0.00126836,0.982691,0.0160407
id17495,0.823658,0.000901834,0.17544
id26762,0.892605,0.00569288,0.101702
id13685,0.999993,5.40402e-07,6.04379e-06
id16560,0.0242253,0.975114,0.000660889
id17184,3.02967e-06,0.999892,0.000105053
id21635,0.999902,5.67601e-05,4.16235e-05
id26751,0.0336536,0.953485,0.0128614
id12351,0.915614,0.0248564,0.0595298
id14872,0.758363,0.220461,0.0211762
id18372,0.962912,0.0335907,0.0034974
id26851,0.969847,0.00390282,0.02625
id22659,0.606134,0.393763,0.000102199
id04102,8.51253e-05,2.69005e-05,0.999888
id02353,0.0147474,0.96785,0.0174023
id26721,0.895152,0.102299,0.00254887
id11171,0.962783,0.00356096,0.033656
id13562,0.692933,0.252457,0.05461
id26425,0.929683,0.0110128,0.0593041
id26394,0.0973522,0.0709045,0.831743
id22187,0.561359,0.33397,0.104671
id00422,0.993298,0.00508222,0.0016199
id22667,0.000946392,0.998962,9.20218e-05
id00911,0.86929,0.00527758,0.125432
id17291,0.425032,0.055699,0.519269
id01915,0.148349,0.0468628,0.804788
id01434,0.000573899,0.000254751,0.999171
id01584,0.866967,0.00482014,0.128213
id09266,0.98343,0.00813334,0.008437
id17494,0.000309013,0.99924,0.000451198
id24919,0.655844,0.113691,0.230465
id21043,0.00467479,0.00121762,0.994108
id17796,0.0147675,0.978911,0.00632167
id02166,0.830515,0.010962,0.158523
id17503,0.997557,0.000682438,0.0017605
id21203,0.94159,0.00560821,0.0528021
id25626,0.999395,0.000563505,4.11012e-05
id09836,0.99993,6.78896e-05,2.51308e-06
id24202,0.000273725,0.0183346,0.981392
id27260,0.0136685,0.00619564,0.980136
id23167,0.000171377,0.000117201,0.999711
id10393,9.52247e-07,0.999972,2.67436e-05
id01171,0.994717,0.00521792,6.52977e-05
id06380,0.999034,0.000879196,8.65461e-05
id22686,0.485086,0.000395262,0.514519
id26250,0.25411,0.00117156,0.744719
id09315,0.0431143,0.867401,0.0894844
id00886,0.162095,0.822249,0.0156565
id03101,0.76655,0.169414,0.0640365
id12367,0.593183,0.00163114,0.405186
id10770,0.908765,0.00285379,0.088381
id14949,0.000204952,0.999647,0.000147491
id14141,0.0450921,0.952015,0.00289299
id25417,0.597143,0.394412,0.00844562
id26873,0.499815,0.0685042,0.431681
id10818,0.0501611,0.0031271,0.946712
id15146,0.950725,0.00162572,0.0476498
id23328,0.972845,0.023905,0.00325028
id16765,0.390549,0.448803,0.160649
id24383,0.990991,0.000336721,0.00867179
id21304,0.777175,0.219007,0.00381758
id12551,0.0365447,0.952709,0.0107463
id23274,0.0257907,0.0553253,0.918884
id08117,0.962627,0.00618593,0.0311868
id23961,0.967641,0.00171845,0.0306411
id13865,0.00117617,0.998255,0.00056841
id22807,0.0496416,0.131155,0.819204
id08951,0.00790509,0.00231054,0.989784
id18684,0.999932,5.12408e-05,1.6772e-05
id25179,0.137648,0.814594,0.0477582
id27033,0.625588,0.0507785,0.323634
id13977,0.00170799,0.989322,0.00896982
id19337,6.90869e-06,0.98066,0.0193331
id25764,0.00104853,0.989106,0.00984588
id16106,0.263298,0.0597738,0.676928
id05468,0.00330119,7.37578e-05,0.996625
id05241,0.998694,6.27175e-06,0.00129993
id10215,0.768449,0.0037976,0.227753
id23457,0.00689958,0.0564884,0.936612
id02200,0.926296,0.053763,0.0199415
id13714,0.00872498,0.987231,0.00404379
id20332,0.001074,0.000751993,0.998174
id18573,0.00319056,0.0223489,0.97446
id08569,0.893999,0.0345563,0.0714451
id22767,0.00137785,0.997726,0.000896512
id25390,0.0376463,0.957968,0.00438605
id09288,0.984581,0.00202575,0.0133928
id12381,0.996671,0.000558147,0.00277109
id02895,0.00252928,0.00202838,0.995442
id25270,0.000430861,0.000591739,0.998977
id14248,0.2268,0.00622722,0.766972
id12831,0.937648,0.00286978,0.0594824
id18305,0.975901,0.0205225,0.00357651
id07805,0.909628,0.0877631,0.00260866
id14027,0.0156372,0.0143974,0.969965
id02760,0.977412,0.0195986,0.00298975
id24362,0.999969,2.29516e-05,7.46732e-06
id17065,0.439128,0.533941,0.0269311
id26583,0.000664237,0.738844,0.260492
id19664,0.509341,0.482714,0.00794449
id25145,0.999492,0.00043637,7.13348e-05
id17858,0.0191578,0.98072,0.000122429
id05148,0.0240174,0.576938,0.399044
id22928,0.989936,0.00902754,0.00103655
id21549,0.569608,0.0137807,0.416612
id12649,0.121839,0.876973,0.00118816
id21597,0.994246,0.00358414,0.00216959
id27945,0.851162,0.022548,0.12629
id00243,0.999554,7.17731e-06,0.000439021
id02745,0.296081,0.0707768,0.633142
id23550,0.000435429,8.63232e-05,0.999478
id13023,5.72799e-06,2.25817e-06,0.999992
id24796,0.0350304,0.0114623,0.953507
id12284,0.503193,0.479987,0.0168197
id02664,2.36295e-06,0.999983,1.50059e-05
id23767,0.647592,0.205548,0.14686
id05859,0.00067943,0.99151,0.00781018
id14350,0.0761023,0.0315981,0.8923
id01191,0.0514308,0.759891,0.188678
id17034,0.95035,0.00413113,0.0455191
id25292,0.881341,0.116567,0.00209146
id22121,0.999991,7.80912e-06,9.75967e-07
id20872,1.0,6.36772e-08,3.55679e-09
id17720,0.0290511,0.967871,0.00307801
id22658,0.107305,0.872867,0.0198277
id09567,0.901569,0.0531543,0.0452763
id16445,0.999074,0.000757082,0.000168455
id08349,0.0624247,0.540877,0.396698
id27437,0.0117402,0.09155,0.89671
id03812,0.987153,0.00971862,0.00312833
id22304,0.995282,0.00191566,0.00280252
id04449,0.937777,0.0506314,0.0115918
id15605,0.477224,0.055709,0.467067
id01768,0.851429,0.0243051,0.124266
id20019,0.0774981,0.474424,0.448078
id09593,0.00039297,0.963575,0.0360324
id23179,0.531111,0.00299421,0.465895
id21279,0.765402,0.0541914,0.180406
id06711,0.000123717,0.000138211,0.999738
id14243,0.0028925,0.994121,0.00298597
id04839,9.74613e-07,0.00259037,0.997409
id17220,0.000866759,0.97285,0.0262832
id24177,0.610592,0.0455933,0.343815
id20512,0.00197706,0.00177095,0.996252
id14036,0.000117429,0.999729,0.000153403
id25001,0.0368496,0.00748257,0.955668
id06175,1.38775e-05,0.999387,0.000598772
id24720,0.0508264,0.645447,0.303727
id08070,0.801452,0.195306,0.00324209
id18934,0.997063,0.000395571,0.00254142
id01338,0.958725,0.00128075,0.0399946
id19008,0.0161866,0.94038,0.0434331
id19632,0.116981,0.52473,0.35829
id26224,0.00177116,0.291591,0.706638
id08219,0.952201,0.000961205,0.0468381
id24008,7.54429e-07,2.65151e-05,0.999973
id12475,0.0857495,0.888712,0.0255383
id05766,0.00410722,0.00410795,0.991785
id27386,5.9243e-07,0.999994,5.49718e-06
id12476,5.58039e-05,0.999905,3.88603e-05
id08311,0.882381,0.111591,0.00602802
id04996,0.132703,0.867222,7.47037e-05
id17350,0.037057,0.958803,0.00414021
id05546,0.000419152,0.996826,0.00275459
id16504,0.160766,0.838124,0.00110996
id05782,4.03867e-08,2.04941e-07,1.0
id20560,0.980873,0.000432348,0.0186944
id14171,0.000596339,0.00353361,0.99587
id27461,0.468749,0.000420027,0.530831
id03581,0.15423,0.0135692,0.8322
id21847,0.0102426,0.0033769,0.986381
id11712,0.705703,0.041843,0.252454
id26738,0.000180226,0.000203475,0.999616
id13668,0.999561,0.000362461,7.67678e-05
id15114,0.9699,0.0203534,0.0097464
id20130,0.969468,0.00877292,0.0217592
id18331,0.677477,0.00263713,0.319886
id24465,0.999977,6.61795e-06,1.67957e-05
id13539,0.5383,0.30587,0.15583
id27564,0.0012474,0.985957,0.0127957
id26043,0.000157092,4.01343e-05,0.999803
id04965,2.14515e-12,2.05032e-09,1.0
id08645,0.0096463,0.00570839,0.984645
id26610,0.805552,0.00668444,0.187764
id21737,0.37342,0.459762,0.166818
id25784,0.00152097,0.996389,0.00208954
id23030,0.986944,0.00269401,0.010362
id16450,2.18237e-06,0.999973,2.46203e-05
id02161,0.54275,0.00071156,0.456538
id25535,0.993499,0.00193474,0.0045661
id16566,0.736941,0.000570371,0.262489
id05714,0.999751,0.000190564,5.8667e-05
id16524,0.984036,0.00990233,0.00606157
id23941,0.000250955,0.915822,0.0839266
id00831,0.00236285,0.167063,0.830574
id18145,0.263701,0.0345465,0.701753
id17227,0.999996,6.2259e-07,3.25873e-06
id09417,0.832281,0.0101738,0.157545
id21307,0.967993,0.0256885,0.0063185
id05650,0.00164892,0.99796,0.000391263
id23901,0.988698,0.00851857,0.00278306
id05831,0.996338,0.0028754,0.000786529
id16708,0.0678418,0.92893,0.00322818
id02281,0.00196928,0.138271,0.85976
id11599,0.268284,0.0177825,0.713934
id18353,2.65444e-05,0.999947,2.63244e-05
id07413,0.461036,0.520758,0.0182063
id15653,3.0965e-06,0.999969,2.80678e-05
id09715,0.00420195,0.001159,0.994639
id05108,0.622109,0.370852,0.00703917
id09537,0.898551,0.00432164,0.0971269
id27596,0.99965,0.000331364,1.82736e-05
id24255,0.00559878,0.000785388,0.993616
id05080,6.3736e-07,1.84517e-06,0.999997
id09484,0.996542,0.000221045,0.00323687
id14864,0.000736195,1.15633e-06,0.999263
id26836,0.97253,0.0266187,0.000851706
id07003,0.807236,0.130041,0.0627235
id13750,4.95521e-09,1.0,9.56689e-08
id21799,0.011371,0.0758949,0.912734
id11285,1.0,4.62974e-08,7.88058e-09
id04735,0.885846,0.104169,0.00998466
id23049,4.81835e-05,0.0107662,0.989186
id05826,0.260853,0.61443,0.124717
id17916,0.668975,0.318127,0.0128975
id14081,0.0274991,0.000341848,0.972159
id10527,0.00786478,0.00016096,0.991974
id16059,0.0113145,0.970351,0.0183347
id25542,0.983753,0.0159602,0.000286371
id05402,1.11504e-06,2.20624e-05,0.999977
id01927,0.856574,0.0194418,0.123984
id27656,0.218716,0.0385318,0.742752
id06708,0.0655345,0.801631,0.132835
id03524,0.842265,0.0735905,0.0841446
id12297,0.964225,0.00666087,0.0291138
id03439,0.993519,0.00563327,0.000847423
id04587,5.98157e-05,0.998394,0.00154635
id25470,0.00191758,0.997901,0.000181424
id01212,0.278023,0.705233,0.0167441
id13932,0.925992,0.0364496,0.0375587
id00124,0.00614204,4.98563e-05,0.993808
id01592,0.997245,0.00126656,0.00148845
id13461,0.150568,0.308647,0.540785
id24681,0.0101707,0.876132,0.113697
id23245,0.02989,0.00363902,0.966471
id14073,0.465085,0.0297578,0.505157
id05172,0.99389,0.00075849,0.00535133
id21979,0.931535,0.00117887,0.0672859
id00328,0.892917,0.000227701,0.106855
id26102,0.98957,0.00114482,0.00928493
id14867,0.36269,0.0485155,0.588794
id27544,0.00740244,0.991729,0.000868636
id16228,0.948472,0.00422769,0.0473
id16342,0.809816,0.184718,0.00546588
id24933,0.997921,0.000505344,0.00157344
id04601,0.926969,0.0297985,0.0432327
id01599,0.0181451,0.948161,0.0336936
id06238,0.973612,0.026343,4.52623e-05
id06826,0.166303,0.304913,0.528784
id23307,0.978076,0.0165962,0.00532808
id13575,0.996997,0.00245141,0.000551816
id24174,0.476949,0.000836107,0.522215
id19534,0.000351175,0.00293783,0.996711
id19602,0.00102808,0.000472504,0.998499
id26962,0.00320264,0.988076,0.00872137
id04448,0.00237347,0.997625,1.45212e-06
id09786,0.805015,0.14994,0.0450451
id25240,0.279167,0.644283,0.0765501
id14893,0.891009,0.106786,0.0022054
id24221,0.994623,0.00495584,0.000420778
id04696,0.953087,0.000636777,0.0462763
id15153,0.430484,0.48798,0.0815361
id13882,9.93066e-07,0.999974,2.55626e-05
id17836,0.552506,0.435394,0.0121001
id00574,0.0114039,0.956617,0.0319788
id02078,0.00193617,0.983363,0.0147011
id21206,0.252792,0.727622,0.0195857
id20084,0.938551,0.00484998,0.0565989
id26598,0.015077,0.00139255,0.98353
id06838,0.352254,0.00164171,0.646104
id08786,0.000296455,0.014362,0.985342
id09550,0.00538535,0.000900001,0.993715
id10206,0.987791,0.000101906,0.0121068
id21113,0.977771,0.00165484,0.0205744
id21151,0.764802,0.074895,0.160303
id02692,0.995915,0.00282544,0.00125941
id26446,0.998337,0.00135973,0.000303558
id07377,0.766972,0.227516,0.0055118
id15998,0.974793,0.0149906,0.0102165
id19637,0.993662,0.00215087,0.0041867
id19735,0.0175759,0.978597,0.00382728
id13739,0.00938212,0.0135546,0.977063
id25175,0.957027,0.0330947,0.0098786
id00563,0.0490259,0.0146707,0.936303
id09982,0.995886,0.00106571,0.00304826
id15459,1.49754e-08,1.0,1.11291e-08
id20785,0.0022843,0.00147176,0.996244
id07145,5.42285e-05,0.262611,0.737335
id22204,0.0285139,0.966741,0.00474527
id09285,0.980384,0.00137905,0.0182367
id18157,2.14187e-07,2.87866e-06,0.999997
id12134,0.000431095,0.00012744,0.999441
id23914,0.999821,7.39758e-05,0.000105098
id10483,0.992443,0.0075491,8.2277e-06
id07092,0.999775,0.000182524,4.26131e-05
id14786,0.0582512,0.308776,0.632973
id25741,0.952667,0.000382581,0.0469506
id09050,0.00530068,0.994149,0.000549939
id04938,0.925675,0.00307123,0.0712542
id05901,0.976906,0.0122004,0.0108935
id16975,0.0223615,0.976158,0.00148055
id08547,0.00630942,0.000332245,0.993358
id16355,0.95089,0.00321286,0.045897
id14568,0.993881,0.000378336,0.005741
id25599,0.00569711,0.761962,0.23234
id01670,7.28314e-07,0.999997,2.43091e-06
id23945,0.01735,0.981744,0.000906369
id17394,0.00602854,0.000752653,0.993219
id06501,0.00701415,0.987417,0.00556913
id26234,0.00911992,0.969241,0.0216395
id21280,0.00372632,9.2748e-05,0.996181
id20048,0.00483989,0.187056,0.808104
id01216,0.0251712,0.833703,0.141126
id25320,0.999145,0.000201702,0.000653099
id22833,0.0380367,0.0479192,0.914044
id22056,0.182538,0.801327,0.0161351
id02275,1.39144e-05,0.999851,0.000135495
id26127,0.692048,0.00647309,0.301478
id17011,0.000712722,0.998721,0.000566406
id13847,0.999739,0.000207136,5.3575e-05
id00013,0.00197481,0.997776,0.00024951
id16463,0.997533,0.00232046,0.000146077
id04845,0.0648588,0.928548,0.00659318
id01787,0.0118754,0.0660457,0.922079
id08637,0.836908,0.114382,0.0487093
id11414,0.000239543,5.89863e-05,0.999701
id13177,0.00871899,0.15271,0.838571
id24517,0.996203,0.00356649,0.000230527
id26838,0.780405,0.0192379,0.200357
id23081,6.54615e-05,0.999833,0.000101748
id16327,0.0360152,0.961741,0.0022434
id27282,0.0406119,0.956374,0.00301437
id07489,0.74218,0.00554819,0.252272
id01718,0.0001252,4.77512e-05,0.999827
id15441,0.965479,0.0244959,0.0100254
id27736,0.0049495,0.850411,0.14464
id16324,0.000599679,0.0324529,0.966947
id12027,0.00541958,0.144127,0.850454
id24653,0.00422958,0.995735,3.50814e-05
id17541,0.236905,0.0476227,0.715472
id22406,0.00325076,0.781084,0.215666
id18356,0.931536,0.060609,0.00785492
id04505,0.993104,0.00245063,0.00444556
id04246,0.764366,0.0773071,0.158327
id07368,0.339554,0.254399,0.406046
id26185,0.000844397,0.00603941,0.993116
id08878,0.0168645,0.203845,0.779291
id27691,0.00541511,0.000388587,0.994196
id18004,0.931818,0.0127113,0.0554707
id24426,0.751989,0.0416972,0.206314
id14164,0.999932,6.31154e-05,5.03542e-06
id12653,2.35425e-05,0.999516,0.000460411
id18060,0.768491,0.00479227,0.226716
id18556,0.625558,0.0311699,0.343272
id27371,0.0422904,0.135102,0.822608
id11989,0.06336,0.562161,0.374479
id26095,0.985288,0.0135106,0.00120095
id24978,0.303357,0.15578,0.540863
id20322,0.861988,0.00221467,0.135797
id01954,0.987845,0.01038,0.00177491
id07434,0.0104034,0.0169191,0.972677
id18144,0.00674024,0.0014998,0.99176
id16250,0.200506,0.795407,0.00408694
id17793,0.00105505,0.0100009,0.988944
id24067,0.0146059,0.00263117,0.982763
id13891,0.0128885,7.02134e-05,0.987041
id07334,0.00637891,0.966386,0.0272346
id15633,0.00022285,0.997114,0.00266314
id23239,0.958332,0.00158888,0.0400788
id10674,0.360428,0.152625,0.486947
id22093,0.668153,0.3235,0.00834694
id08444,0.0620201,0.74566,0.19232
id03257,0.256083,0.241387,0.50253
id10040,0.519248,0.298821,0.181931
id04902,2.13294e-05,8.37064e-06,0.99997
id01219,0.345524,0.643254,0.011222
id01340,0.999739,0.000198846,6.20462e-05
id05117,7.52301e-05,0.999363,0.000562004
id04908,0.120189,0.0193626,0.860448
id03626,0.0141501,0.00126875,0.984581
id01888,0.995797,0.00372211,0.00048142
id17199,0.0248285,0.000479057,0.974692
id11200,0.00990256,0.989901,0.000196673
id27561,0.207219,0.0013816,0.791399
id20966,0.0244708,0.972315,0.0032145
id10257,0.00111483,0.998824,6.10944e-05
id21168,0.00149267,0.907109,0.0913982
id23363,0.0219928,0.000592344,0.977415
id05321,0.958378,0.0222195,0.0194021
id09928,2.90449e-06,2.02688e-05,0.999977
id18015,0.578447,0.408703,0.0128493
id02082,6.22304e-06,0.99999,3.54659e-06
id19279,0.657296,0.231982,0.110722
id08541,0.70148,0.248779,0.0497414
id15249,0.022875,0.974879,0.00224607
id03609,0.0189431,0.939063,0.0419938
id22902,0.404488,0.096186,0.499326
id17733,0.976457,0.0195207,0.0040226
id07554,0.00420403,0.0141838,0.981612
id14120,0.928401,0.00692775,0.0646716
id21802,0.0642963,0.845296,0.0904074
id15614,0.0200726,0.974345,0.00558197
id19437,0.000268589,0.000526621,0.999205
id22698,0.939038,0.0607806,0.00018125
id21841,2.34198e-06,0.999995,2.77227e-06
id16177,0.895445,0.104294,0.000261525
id15887,0.00164643,0.0205518,0.977802
id22629,0.703259,0.00172498,0.295016
id10346,0.999938,3.71289e-05,2.51352e-05
id05154,0.997328,0.000324912,0.0023468
id22913,0.532912,0.466689,0.000398767
id10544,0.0299615,0.122371,0.847667
id08703,0.0135582,0.981937,0.0045053
id12817,0.983061,0.000181917,0.0167571
id25433,0.979922,0.0105954,0.00948274
id25112,0.0333275,0.000789983,0.965882
id05054,0.0429656,0.651651,0.305384
id02311,0.0170684,0.972549,0.0103823
id22160,0.135896,0.824273,0.0398302
id17422,0.999541,0.000341156,0.000117742
id18985,0.927809,0.0156911,0.0564998
id21905,0.071697,0.000980989,0.927322
id17474,0.992471,0.00653831,0.000990832
id15236,0.000191497,0.957104,0.0427048
id13964,0.81499,0.0203512,0.164659
id15962,6.81664e-08,1.0,3.48589e-07
id20866,0.0106564,0.0565645,0.932779
id06625,0.00428954,0.00219394,0.993517
id09793,0.696005,0.0131825,0.290813
id17365,0.00609328,0.989896,0.00401022
id18463,0.0101319,0.949596,0.0402722
id20693,0.0116417,0.927461,0.060897
id08785,2.94103e-05,0.999957,1.34165e-05
id06783,0.00324386,0.99032,0.00643662
id23178,0.0125492,0.00271107,0.98474
id13513,0.000320746,0.999522,0.000157177
id25361,0.000406568,0.00296146,0.996632
id22319,0.959087,0.0177702,0.0231424
id14024,0.13223,0.0112957,0.856474
id24186,0.042361,0.950383,0.00725575
id20965,0.999987,1.20902e-05,9.98825e-07
id06242,0.00870773,0.00304383,0.988248
id25665,0.00466531,0.12275,0.872584
id09706,0.93855,0.0243205,0.0371297
id11026,7.21403e-06,0.999783,0.000210211
id04223,0.990161,0.00561377,0.00422491
id19674,0.0405956,0.945271,0.0141338
id23420,0.00182971,0.527963,0.470207
id18059,0.0015218,0.997846,0.000632251
id22576,0.999268,0.000408474,0.000323963
id18495,5.82803e-06,0.999958,3.6587e-05
id14139,0.999363,0.000185328,0.000451348
id18313,0.00115443,0.996619,0.00222605
id27356,0.990072,0.00507386,0.00485449
id16035,0.111405,0.0374029,0.851192
id04182,0.439724,0.433244,0.127032
id15667,0.990948,0.00594943,0.00310274
id08713,0.993271,0.00259835,0.00413047
id25563,0.000334428,0.999007,0.000658658
id17023,0.999977,1.95627e-05,2.96854e-06
id03014,6.30678e-05,0.983832,0.0161047
id23812,1.70957e-05,0.999982,5.9268e-07
id20057,0.0106166,0.318803,0.67058
id12385,0.856819,0.0528248,0.0903566
id24416,0.109533,0.886214,0.00425289
id15672,0.000274519,0.997272,0.00245327
id13868,0.147275,0.84213,0.0105956
id21095,0.000357171,0.000943294,0.9987
id05305,0.751726,0.138918,0.109356
id15384,0.0439804,0.0529927,0.903027
id14049,6.52274e-05,1.49172e-05,0.99992
id23441,0.972617,0.022095,0.00528793
id12856,0.676704,0.00544975,0.317846
id16055,0.00234583,0.0010921,0.996562
id24771,0.932445,0.0315128,0.0360423
id14053,0.983085,0.00162582,0.015289
id19547,0.00666836,0.171578,0.821754
id03639,0.154756,0.78582,0.0594238
id14546,0.666509,0.282923,0.0505674
id13935,0.569955,0.194443,0.235602
id20335,0.0268322,0.961362,0.0118056
id07301,0.100459,0.545771,0.35377
id10186,0.98357,0.000548528,0.0158812
id00192,0.597186,0.373883,0.0289312
id17851,0.992576,0.00521205,0.00221241
id08403,0.60861,0.28269,0.1087
id06183,0.652865,0.0863375,0.260797
id24738,0.0110035,0.898726,0.0902707
id15112,0.999627,6.1605e-05,0.000311156
id19819,0.000296549,0.000145607,0.999558
id17722,2.25481e-05,9.58312e-05,0.999882
id24273,0.000101336,0.866808,0.133091
id18939,0.00352272,0.00889541,0.987582
id16076,0.364332,0.633043,0.00262447
id23158,0.00705607,0.00768758,0.985256
id12745,0.909451,0.00214736,0.0884016
id22538,0.0170621,0.713299,0.269639
id14975,0.0525799,0.937889,0.00953058
id27537,0.857196,0.117131,0.0256731
id06632,0.00805687,0.000430566,0.991513
id08100,0.0112717,0.988026,0.00070196
id00843,0.999495,0.000123343,0.000381907
id22159,0.0216269,0.00112978,0.977243
id18672,0.9149,0.00022682,0.0848733
id06916,0.394987,0.594719,0.0102935
id22212,0.144326,0.0242284,0.831446
