id,EAP,HPL,MWS
id02310,0.0975156,0.016691,0.885793
id24541,0.907547,0.0846584,0.00779453
id00134,0.0769828,0.917242,0.00577497
id27757,0.949867,0.0388146,0.0113182
id04081,0.972126,0.0102949,0.0175787
id27337,0.566334,0.426241,0.00742421
id24265,0.985778,0.0134929,0.000728608
id25917,0.0562125,0.618989,0.324799
id04951,0.951948,0.0477888,0.000263093
id14549,0.987833,0.000568779,0.0115983
id22505,0.100948,0.502492,0.396561
id24002,0.00489471,0.973156,0.0219494
id18982,0.124513,0.340611,0.534876
id15181,0.00592579,0.993344,0.000730386
id21888,0.98764,0.00648861,0.00587144
id12035,0.0066994,9.72311e-05,0.993203
id17991,0.0649261,0.00563295,0.929441
id10707,0.999945,5.2088e-05,2.9464e-06
id07101,0.208818,0.103542,0.68764
id00345,0.89597,0.0905756,0.0134542
id05912,0.948842,0.00386787,0.0472903
id13443,0.663635,0.175328,0.161037
id09248,0.594471,0.00682646,0.398703
id17542,0.0136104,0.982461,0.00392811
id06995,0.413395,0.0425119,0.544093
id25159,0.517624,0.00544855,0.476927
id25729,0.735641,0.0964097,0.167949
id26949,0.994168,0.00501007,0.000821651
id27191,0.244225,0.0139536,0.741821
id07668,0.227827,0.0246125,0.747561
id02230,0.0845841,0.0825682,0.832848
id15553,0.992089,0.00363087,0.00427988
id25688,0.000670747,0.994765,0.00456439
id17545,0.937009,0.0623123,0.000678669
id13929,0.87596,0.0270837,0.0969562
id12880,0.574239,0.298341,0.12742
id19282,0.826696,0.0557048,0.117599
id14690,0.000399313,0.00124828,0.998352
id17975,0.0136118,0.984883,0.00150479
id08037,0.927612,0.0065944,0.0657938
id15412,0.642841,0.00272309,0.354436
id25032,0.462745,0.0117874,0.525468
id27165,0.999716,0.000181517,0.000102564
id03327,0.971061,0.0214863,0.00745283
id18515,0.986226,0.00454267,0.00923177
id21003,0.322329,0.01367,0.664001
id23855,0.000467207,0.98839,0.0111429
id20724,0.84629,0.0164854,0.137224
id13303,0.737929,0.0278877,0.234183
id16521,0.0166927,0.264506,0.718801
id20775,0.979508,0.0144253,0.00606642
id13029,0.963915,0.0185526,0.0175327
id14660,0.719865,0.228368,0.0517668
id11028,0.00255165,1.05633e-05,0.997438
id14180,0.995543,0.00363045,0.00082616
id25860,0.992372,0.0071126,0.000515826
id11910,0.559352,0.00454135,0.436107
id08065,0.109279,0.024812,0.865909
id22674,0.0501211,0.196183,0.753696
id25018,0.603448,0.00460477,0.391947
id10892,0.223149,0.760891,0.0159602
id10217,0.305159,0.677997,0.0168435
id12996,0.155168,0.0228357,0.821996
id18262,0.58369,0.24134,0.17497
id08606,0.03463,0.946624,0.0187461
id17233,0.995348,0.000610731,0.00404126
id00101,0.92259,0.0521885,0.0252217
id12225,0.983363,0.0141693,0.00246739
id01364,0.0656668,0.92879,0.00554269
id24973,0.351791,0.00760296,0.640606
id25363,0.620645,0.00826727,0.371088
id10061,0.735694,0.0375676,0.226738
id17673,0.472267,0.203044,0.32469
id13249,0.0823483,0.00967888,0.907973
id10107,0.00356241,0.00104594,0.995392
id04403,0.988083,0.00559816,0.00631883
id25728,0.951019,0.0284504,0.0205303
id16184,0.23309,0.0934141,0.673496
id03438,0.00614839,3.90386e-05,0.993813
id22923,0.0050524,0.994653,0.000294654
id08610,0.99263,0.000956444,0.00641394
id25355,0.0168161,0.0422211,0.940963
id16916,0.930063,0.0649969,0.00494002
id12793,0.0315386,0.960568,0.00789314
id11859,0.0656645,0.00166715,0.932668
id02434,0.999057,0.000749072,0.000193761
id27703,0.00633724,0.000380914,0.993282
id25212,0.23256,0.610535,0.156905
id11308,0.0155576,0.203851,0.780592
id26094,0.898927,0.0418112,0.0592621
id22080,0.993134,0.00683081,3.491e-05
id03545,0.989153,0.00794242,0.0029041
id23725,0.0254009,0.0263087,0.94829
id12009,0.966772,0.0136393,0.0195883
id24241,0.546107,0.307998,0.145895
id03596,0.0231032,0.967839,0.00905803
id10749,0.140994,0.817551,0.0414541
id22794,0.00640434,0.018753,0.974843
id15482,0.262213,0.413838,0.323949
id04833,0.869402,0.0940427,0.036555
id00397,0.2883,0.0168198,0.69488
id14691,0.0934271,0.290959,0.615614
id05193,0.0122981,0.000975615,0.986726
id19541,0.980263,0.0153539,0.00438294
id22166,0.0084934,0.00925143,0.982255
id20744,0.0365509,0.000487437,0.962962
id10392,0.0143575,0.0201642,0.965478
id00770,0.99009,0.00487782,0.0050325
id06018,0.962976,0.0163338,0.0206897
id15678,0.72791,0.0149107,0.25718
id08305,0.995611,0.00324206,0.00114722
id08903,0.0893765,0.00103965,0.909584
id14752,0.424476,0.554379,0.0211458
id12468,0.080469,0.918436,0.00109528
id05085,0.322408,0.663966,0.0136262
id21993,0.225487,0.0057322,0.768781
id15503,0.986779,0.0126856,0.000535462
id03021,0.000402883,0.998589,0.00100847
id16123,0.998965,0.000610067,0.000425167
id19383,0.998796,0.00111952,8.48196e-05
id04186,0.988105,0.002155,0.00973991
id17954,0.0672725,0.00724536,0.925482
id12030,0.0517665,9.53057e-05,0.948138
id13020,0.955289,0.0342955,0.0104151
id25327,0.0134835,0.964565,0.0219511
id16344,0.00707324,0.263171,0.729756
id12303,0.343599,0.637291,0.0191099
id15017,0.986867,0.00806013,0.00507318
id22308,0.25443,0.0127506,0.732819
id06536,0.0205377,0.139381,0.840081
id19797,0.0640325,0.799085,0.136882
id06332,0.363602,0.399087,0.237312
id22941,0.0378282,0.0523602,0.909812
id13547,0.00687458,0.0628378,0.930288
id06928,0.0402382,0.00033459,0.959427
id12521,0.0763327,0.918617,0.00505063
id25716,0.739695,0.00020719,0.260097
id27116,3.14224e-07,1.43071e-07,1.0
id19941,0.00185996,0.996929,0.00121107
id05711,0.000198422,0.00131142,0.99849
id02097,0.00176039,0.0193172,0.978922
id03563,0.0476557,0.93908,0.0132644
id02295,0.463624,0.518155,0.0182217
id08179,0.937567,0.0327659,0.0296675
id05332,0.000523415,0.998337,0.00113956
id15697,0.657395,0.2488,0.0938048
id17026,0.90169,0.0148765,0.083434
id04243,0.373976,0.621919,0.00410536
id13175,0.997574,0.00120896,0.00121703
id05387,0.915353,0.0226422,0.0620047
id19989,0.88361,0.10374,0.0126506
id25173,0.217188,0.072562,0.71025
id08925,0.00300749,0.996614,0.000378831
id03034,0.00508499,0.935566,0.0593494
id13272,0.000657639,0.995124,0.00421864
id07956,0.974615,0.00136277,0.0240225
id02648,1.02808e-05,8.6911e-05,0.999903
id01778,0.0642807,0.00322109,0.932498
id12846,0.00329722,0.00133444,0.995368
id19001,0.794421,0.0100183,0.195561
id05763,0.895129,0.00234079,0.10253
id15590,0.000381515,0.00012724,0.999491
id04912,0.848644,0.0596194,0.0917369
id21201,0.911814,0.0458304,0.0423553
id13215,0.998574,3.03833e-05,0.00139573
id15612,0.00858365,0.985123,0.00629319
id18501,0.0754178,0.00818042,0.916402
id07223,0.847871,0.0873121,0.0648173
id06707,0.0986153,0.36884,0.532544
id05238,0.00201686,0.997707,0.00027587
id00935,0.0348279,0.3434,0.621773
id00110,0.145085,0.51489,0.340025
id17476,0.947125,0.0487858,0.00408924
id15170,0.985409,0.00946058,0.00513056
id13397,0.258445,0.0597947,0.681761
id24283,0.848909,0.0774868,0.0736038
id15234,0.999324,0.000562245,0.000113467
id16884,0.383557,0.548303,0.0681403
id07831,0.0627016,0.89161,0.045688
id16038,0.99901,0.000940635,4.93276e-05
id03629,0.987177,0.00316936,0.00965337
id21019,0.951056,0.0361872,0.0127564
id21835,0.926162,0.0151195,0.0587182
id04480,0.0820795,0.916771,0.00114982
id20838,0.656061,0.318615,0.0253246
id24195,0.858864,0.0111656,0.12997
id05448,0.899818,0.0881936,0.0119883
id15957,0.00267194,0.995812,0.00151628
id19956,0.0179813,0.000118826,0.9819
id15104,0.0104779,0.0681974,0.921325
id17559,0.987455,0.0071634,0.00538172
id16839,0.301828,0.0521899,0.645982
id14493,0.744275,0.00828734,0.247438
id08833,0.921921,0.00504189,0.0730376
id15723,0.016867,0.0038416,0.979291
id02716,0.965823,0.0116981,0.022479
id06689,0.101105,0.891539,0.0073558
id18837,0.398451,0.081664,0.519885
id04466,0.935793,0.0431181,0.0210892
id00686,0.729069,0.0646938,0.206237
id09010,0.337933,0.647957,0.0141101
id23353,0.998433,0.000152204,0.00141458
id00066,0.377149,0.617768,0.00508251
id15724,0.127765,0.84897,0.0232647
id23486,0.0844329,0.000862157,0.914705
id22258,0.00551618,0.00344522,0.991039
id02292,0.849592,0.0422749,0.108133
id16356,0.41302,0.038552,0.548428
id00235,0.851582,0.0279134,0.120505
id25522,0.274072,0.00953729,0.716391
id04204,0.00202795,0.997728,0.000244584
id22016,0.663142,0.0116066,0.325251
id06480,0.13737,0.83898,0.0236502
id08718,0.00582672,4.11731e-05,0.994132
id05251,0.00202532,0.997472,0.000502321
id03359,0.627831,0.232552,0.139618
id16117,0.0147973,0.00140801,0.983795
id17000,0.00236651,0.995592,0.00204187
id01730,0.262628,0.711193,0.0261791
id00630,0.985562,0.0094561,0.00498216
id18175,0.0122696,0.0112073,0.976523
id00907,0.84092,0.0537507,0.105329
id18251,0.00387987,0.993603,0.00251705
id25861,0.49411,0.500384,0.00550626
id00398,0.635695,0.339551,0.0247545
id27573,0.99456,0.000617801,0.00482235
id10022,0.00907766,0.980084,0.010838
id15901,0.715707,0.00698668,0.277306
id00451,0.12217,0.0804082,0.797422
id23129,0.0326827,0.963443,0.00387473
id26498,0.495688,0.324674,0.179638
id14741,0.953382,0.0107232,0.0358951
id18453,0.100568,0.00816268,0.891269
id08309,0.953736,0.0407469,0.0055167
id00320,0.994311,0.00347076,0.00221804
id07688,0.163906,0.0216268,0.814467
id01556,0.00304469,0.000334723,0.996621
id00178,0.43642,0.271972,0.291608
id18902,0.041026,0.0959421,0.863032
id27002,0.286728,0.709693,0.0035795
id21418,0.999239,0.000649643,0.000111449
id23018,0.197778,0.0827137,0.719509
id07032,0.570658,0.0413385,0.388003
id16195,0.438861,0.0365125,0.524627
id11202,0.0280787,0.938233,0.0336885
id09578,0.715959,0.0164923,0.267548
id26984,0.945396,0.00141194,0.0531916
id19856,0.0027565,0.997156,8.71608e-05
id12086,0.596432,0.021363,0.382205
id12052,0.000921809,0.000308096,0.99877
id17728,0.000142506,0.0010172,0.99884
id24608,0.804341,0.0218045,0.173854
id21097,0.702409,0.05201,0.245581
id20179,0.00232382,0.0283287,0.969347
id15144,0.819056,0.0746313,0.106312
id00206,0.988263,0.0109417,0.0007953
id22285,0.0957729,0.00483233,0.899395
id06417,0.0611058,0.833604,0.105291
id00215,0.00329081,0.996334,0.000374919
id04201,0.122856,0.0214121,0.855732
id21771,0.968478,0.0211905,0.0103312
id12451,0.0833849,0.522157,0.394458
id14250,0.0643451,0.675559,0.260096
id03433,0.134439,0.807563,0.0579982
id03303,0.121692,0.0150258,0.863283
id25901,0.428376,0.143541,0.428083
id06945,0.769405,0.0296438,0.200951
id05664,0.903645,0.0867111,0.0096435
id05741,0.970767,0.0172006,0.0120326
id10652,0.991391,0.00292867,0.00568007
id16300,0.850764,0.0386937,0.110542
id12319,0.406092,0.0880366,0.505872
id07500,0.0605865,0.934823,0.00459041
id12478,0.164159,0.148281,0.687559
id03076,0.151625,0.000536015,0.847839
id00969,0.332239,0.617808,0.0499525
id23636,0.000426845,0.999429,0.000143962
id09791,0.122495,0.206811,0.670695
id05680,0.0803818,0.781112,0.138506
id03672,0.0183884,0.772404,0.209208
id04286,0.0240884,0.947279,0.0286331
id23883,0.117267,0.100813,0.78192
id11914,0.201914,0.00307518,0.795011
id20974,0.0244981,0.972685,0.00281648
id26125,0.21408,0.0376734,0.748246
id15543,0.139448,0.000602747,0.85995
id19471,0.998115,0.00123517,0.000649422
id11503,0.970771,0.018099,0.0111301
id09321,0.00338764,0.931466,0.0651469
id25560,0.000158567,0.00141346,0.998428
id06726,0.196272,0.161518,0.64221
id05709,0.918814,0.00258372,0.0786027
id09788,0.164414,0.522638,0.312948
id05289,0.977351,0.0206989,0.00194997
id11815,0.000205534,0.99969,0.00010447
id22422,0.488888,0.125734,0.385377
id25954,0.842566,0.067419,0.0900148
id13601,0.759892,0.0910248,0.149083
id05677,0.974739,0.0148864,0.0103747
id10498,0.0161524,0.982499,0.00134819
id02665,0.84399,0.114693,0.0413165
id10114,0.11606,0.830782,0.053158
id26314,0.964763,0.00681328,0.0284236
id21240,0.492747,0.3928,0.114452
id15569,0.974643,0.0206897,0.00466769
id25928,0.259348,0.0453515,0.6953
id22706,0.023048,0.976032,0.000920316
id20877,0.0101311,0.956511,0.0333575
id04318,0.997728,0.00148261,0.000789001
id18299,0.340176,0.155228,0.504597
id08126,0.0269156,0.00796367,0.965121
id14293,0.399531,0.00861535,0.591854
id12759,0.97894,0.0141101,0.00695022
id11983,0.778544,0.0427739,0.178682
id05580,0.171703,0.662128,0.166169
id25846,0.620925,0.319832,0.0592428
id01939,0.32391,0.0156927,0.660397
id26327,0.0752833,0.133438,0.791279
id11068,0.00265129,1.85622e-05,0.99733
id08404,0.973589,0.0137021,0.0127094
id27189,0.827154,0.161976,0.01087
id15119,0.0488524,0.830011,0.121136
id26525,0.996848,0.000120745,0.00303096
id03618,0.660328,0.242979,0.0966926
id27220,0.998826,0.000195844,0.000978378
id18777,0.00681333,2.79752e-05,0.993159
id20213,0.989292,0.00344607,0.00726171
id20403,0.928957,0.0381946,0.0328487
id03777,0.453886,0.0506641,0.49545
id10595,0.303616,0.647442,0.0489419
id13816,0.62945,0.0503547,0.320195
id05667,0.0406341,0.0047227,0.954643
id24629,0.953296,0.019387,0.0273167
id20398,0.235824,0.211203,0.552973
id14108,0.0103544,0.00329596,0.98635
id06196,0.00131806,0.997535,0.00114647
id02800,0.136371,0.72853,0.135099
id18732,0.000202552,0.998417,0.00138052
id11915,0.0294393,0.934649,0.0359115
id09739,0.871617,0.0853277,0.0430552
id24672,0.901239,0.065044,0.0337168
id00414,0.0332044,0.353995,0.6128
id16307,0.914595,0.0685852,0.0168198
id14043,0.0152691,0.00234964,0.982381
id00517,6.66917e-05,0.00306382,0.99687
id09744,0.868549,0.129529,0.00192129
id19257,0.943532,0.0329542,0.0235137
id15437,0.761431,0.218987,0.0195822
id16352,0.0382257,0.00458687,0.957187
id18849,0.456751,0.00514597,0.538103
id19434,0.000109494,0.999862,2.84298e-05
id17928,0.0426677,0.0302006,0.927132
id16896,0.0125473,0.00550249,0.98195
id02135,0.183761,0.556178,0.260061
id15075,0.983705,0.0079446,0.00835033
id27486,0.00936239,0.988928,0.00170915
id19422,0.989669,0.00900652,0.00132436
id09603,0.0956697,0.881917,0.0224134
id02133,0.133409,0.802532,0.0640585
id03441,0.939126,0.00601234,0.0548615
id02398,0.000637665,0.998976,0.00038613
id05152,0.074063,0.0156166,0.91032
id17838,0.622946,0.0174901,0.359564
id25060,0.445322,0.553069,0.0016094
id09998,0.124621,0.041987,0.833392
id01828,0.0870204,0.820912,0.0920672
id25377,0.68441,0.0910789,0.224511
id22175,0.0124311,0.982284,0.00528485
id02974,0.0850873,0.105411,0.809502
id26955,0.997339,0.00240841,0.000252595
id21091,0.977556,0.00500182,0.0174417
id12802,0.967348,0.019602,0.0130498
id07432,0.00553517,0.981071,0.0133937
id18749,0.0513286,0.847769,0.100902
id15030,0.000662405,0.0543924,0.944945
id17155,0.0502536,0.902283,0.0474631
id08128,0.0448045,0.84309,0.112106
id25706,0.00128038,0.987613,0.0111068
id15645,0.994256,0.00344222,0.00230217
id04943,0.718615,0.268111,0.0132733
id27566,0.0338833,0.0141563,0.95196
id11765,0.371229,0.236781,0.39199
id13783,0.845579,0.129782,0.0246391
id00492,0.00537389,0.00368525,0.990941
id27636,0.095336,0.0602007,0.844463
id04273,0.843584,0.123742,0.0326739
id02537,0.383032,0.012661,0.604307
id24349,0.436017,0.562752,0.0012312
id00023,0.000310007,0.996952,0.00273759
id23025,0.0092292,0.98787,0.00290042
id08722,0.968132,0.00345434,0.0284135
id02420,0.955338,0.0415503,0.0031115
id10811,0.892454,0.0181916,0.089354
id04019,0.150565,0.0399545,0.809481
id18334,0.99918,0.000762147,5.82244e-05
id16781,0.211075,0.782535,0.00638972
id08773,0.898254,0.0903292,0.0114166
id19214,0.972092,0.0106352,0.0172727
id09589,1.31228e-06,0.997988,0.00201094
id24246,0.804825,0.181169,0.0140052
id23577,0.968999,0.0305223,0.0004784
id09305,0.975388,0.00683358,0.0177787
id16460,0.786811,0.038285,0.174904
id21115,0.960122,0.0189016,0.0209765
id25996,0.526768,0.0883417,0.38489
id02551,0.0053062,0.0146813,0.980012
id19352,0.0147776,0.00688346,0.978339
id03806,0.0276462,0.00534226,0.967012
id26544,0.972865,0.00236558,0.0247692
id18761,0.931378,0.0421827,0.0264393
id24148,0.127114,0.867452,0.00543376
id16095,0.0173805,0.858419,0.124201
id18442,0.58821,0.0531496,0.358641
id22596,1.50571e-06,2.33737e-06,0.999996
id23002,0.000954532,0.000135686,0.99891
id04797,0.989315,0.00395949,0.00672535
id06610,0.446074,0.0054669,0.548459
id16173,0.236308,0.631502,0.13219
id18292,0.0974481,0.116065,0.786487
id27328,0.998961,0.000735573,0.000303142
id01695,0.000315334,0.999545,0.000140031
id05761,0.710713,0.0146014,0.274685
id16354,0.985518,0.00190744,0.0125745
id12207,0.0474089,0.335139,0.617452
id05665,0.0869852,0.00867698,0.904338
id01911,0.992453,0.00638545,0.00116166
id19153,0.0472722,0.00479687,0.947931
id10295,0.813583,0.0268331,0.159584
id23038,0.547475,0.44397,0.00855544
id23783,0.475093,0.522406,0.00250131
id27879,0.439539,0.555959,0.00450243
id19190,0.00151134,0.998481,7.94535e-06
id05065,0.872653,0.0181026,0.109245
id21296,0.0406105,0.946589,0.0128007
id13262,0.0252427,0.17055,0.804207
id10333,0.94985,0.0130516,0.0370982
id16677,0.784546,0.116942,0.0985123
id01392,0.154588,0.0270289,0.818383
id27874,0.989268,0.00548412,0.00524811
id02294,0.000179057,0.99803,0.0017905
id18298,0.00193898,0.00153577,0.996525
id06997,0.949748,0.011765,0.0384873
id05243,0.180899,0.193395,0.625706
id00860,0.149842,0.653902,0.196257
id26681,0.940687,0.0588182,0.000494526
id06020,0.00528614,0.000813621,0.9939
id27683,0.956706,0.0166954,0.0265988
id17655,0.172254,0.809591,0.0181555
id08817,0.122843,0.230191,0.646966
id11512,0.00610354,0.0563337,0.937563
id00478,0.326302,0.0426476,0.631051
id02116,0.922219,0.0139762,0.0638045
id06746,0.969418,0.0238933,0.00668921
id03863,0.1988,0.765041,0.0361589
id01802,0.204249,0.562282,0.233468
id11682,0.936111,0.0155555,0.0483339
id04033,0.058853,0.835105,0.106042
id09286,0.182096,0.595491,0.222413
id12904,0.986045,0.00903358,0.00492112
id07420,0.00148087,0.00171427,0.996805
id22398,2.48592e-05,0.999953,2.23677e-05
id00424,0.046482,0.00862186,0.944896
id20960,0.902799,0.0511537,0.0460477
id10267,0.831591,0.0192785,0.14913
id19330,0.690042,0.0217028,0.288255
id00994,4.81238e-05,0.999266,0.000686258
id10785,0.786323,0.142017,0.0716605
id00955,0.0173876,0.958841,0.0237718
id09757,0.0107162,0.982211,0.00707337
id10030,0.0451914,0.0195471,0.935261
id22952,0.0303983,0.0811349,0.888467
id21955,0.000394446,0.0342722,0.965333
id07674,0.497907,0.295618,0.206475
id13760,0.0563538,0.937965,0.0056815
id18166,0.830208,0.0180499,0.151742
id23498,0.956972,0.0395468,0.00348141
id05296,0.999708,0.000122391,0.000169962
id26709,0.456206,0.45825,0.0855443
id02853,0.979677,0.0199336,0.000389342
id06800,0.318632,0.139583,0.541785
id14758,0.562369,0.407871,0.0297606
id12356,0.996205,0.00261379,0.00118128
id21492,0.886846,0.101446,0.0117086
id27540,0.565786,0.0962413,0.337972
id07376,0.0808767,0.816108,0.103015
id15201,0.866399,0.0977784,0.035823
id23388,0.0197862,0.913036,0.0671774
id13923,0.0295242,0.964485,0.00599116
id00794,0.000628209,0.986567,0.0128043
id23910,0.264108,0.0845782,0.651313
id02556,0.0058444,0.00373391,0.990422
id22151,0.0293905,0.969241,0.00136878
id11698,0.0139585,0.90404,0.0820018
id11627,0.571036,0.133684,0.29528
id06340,0.997854,0.00100746,0.00113812
id05123,0.99909,7.49938e-05,0.000834952
id26620,0.00296399,0.000951502,0.996084
id04002,0.164711,0.117351,0.717939
id26554,0.0747293,0.118292,0.806979
id18012,0.142198,0.676914,0.180889
id12964,0.00203256,0.00212472,0.995843
id18965,0.000785034,0.054649,0.944566
id19082,0.450957,0.00429469,0.544748
id26742,0.0495295,0.00502526,0.945445
id15442,0.0785072,0.913724,0.00776839
id16647,0.966521,0.000477569,0.033001
id11544,0.103123,0.0338523,0.863025
id20581,0.678987,0.143132,0.177881
id13192,0.459483,0.489715,0.0508012
id15814,0.12745,0.0846253,0.787925
id26279,0.0397956,0.959193,0.00101105
id00240,0.995604,0.000986782,0.00340938
id22836,0.960673,0.0240464,0.0152806
id15085,0.0103052,0.928759,0.0609362
id17495,0.731607,0.0086812,0.259711
id26762,0.819695,0.00683352,0.173472
id13685,0.999259,8.43171e-06,0.000732502
id16560,0.0182653,0.978396,0.00333911
id17184,0.000382168,0.998293,0.00132454
id21635,0.997376,0.00111268,0.00151143
id26751,0.0397411,0.952959,0.00730016
id12351,0.836596,0.0439639,0.119441
id14872,0.71547,0.253334,0.0311956
id18372,0.929358,0.0453627,0.0252791
id26851,0.931447,0.0193803,0.0491727
id22659,0.355789,0.641868,0.00234339
id04102,0.00999658,0.00259051,0.987413
id02353,0.0257503,0.949297,0.0249531
id26721,0.983349,0.0076171,0.00903408
id11171,0.946867,0.00837884,0.0447539
id13562,0.835037,0.121163,0.0438
id26425,0.934081,0.020817,0.0451019
id26394,0.293929,0.097991,0.608081
id22187,0.906884,0.0341065,0.0590098
id00422,0.967117,0.0233297,0.00955347
id22667,0.00309799,0.995764,0.00113829
id00911,0.785584,0.0507189,0.163697
id17291,0.509546,0.0720802,0.418374
id01915,0.187422,0.103787,0.708791
id01434,0.0587229,0.00372428,0.937553
id01584,0.753124,0.0247003,0.222176
id09266,0.93499,0.0172652,0.0477454
id17494,0.0034876,0.994086,0.00242614
id24919,0.741747,0.0241773,0.234076
id21043,0.0785581,0.00622454,0.915217
id17796,0.00972681,0.988728,0.00154559
id02166,0.328433,0.0113999,0.660167
id17503,0.969967,0.0045052,0.0255278
id21203,0.941799,0.0134972,0.0447036
id25626,0.988702,0.010256,0.0010416
id09836,0.999106,0.00087366,2.08119e-05
id24202,0.0162833,0.152628,0.831088
id27260,0.130297,0.046954,0.822749
id23167,0.00306983,0.000476147,0.996454
id10393,0.0023968,0.996992,0.000611277
id01171,0.94876,0.0426656,0.0085749
id06380,0.991851,0.00235144,0.00579799
id22686,0.135849,0.000767373,0.863384
id26250,0.146618,0.0149827,0.8384
id09315,0.125025,0.716637,0.158338
id00886,0.0193717,0.963352,0.0172759
id03101,0.841553,0.109879,0.0485675
id12367,0.690694,0.00337103,0.305935
id10770,0.799093,0.00702636,0.193881
id14949,0.0825595,0.912862,0.00457805
id14141,0.303028,0.676493,0.0204797
id25417,0.502875,0.448132,0.0489923
id26873,0.906652,0.0359329,0.0574153
id10818,0.0511594,0.00835434,0.940486
id15146,0.972151,0.00454362,0.0233054
id23328,0.958762,0.0289771,0.0122605
id16765,0.440824,0.5133,0.0458766
id24383,0.955237,0.00350856,0.0412548
id21304,0.939665,0.0555497,0.00478515
id12551,0.462752,0.484774,0.0524732
id23274,0.10343,0.0646045,0.831965
id08117,0.970364,0.0123225,0.0173134
id23961,0.927165,0.00705889,0.065776
id13865,0.306106,0.66877,0.0251243
id22807,0.382159,0.162878,0.454962
id08951,0.0112342,0.00328322,0.985483
id18684,0.999314,0.000383545,0.000302805
id25179,0.288342,0.669332,0.0423253
id27033,0.749194,0.105483,0.145323
id13977,0.0194994,0.850099,0.130402
id19337,0.00490946,0.952198,0.0428923
id25764,0.0375489,0.938956,0.0234951
id16106,0.164175,0.0427227,0.793102
id05468,0.0684566,0.00130424,0.930239
id05241,0.983173,0.000309714,0.0165168
id10215,0.679822,0.0627684,0.25741
id23457,0.0157129,0.0554724,0.928815
id02200,0.836735,0.0750001,0.0882653
id13714,0.0593837,0.920967,0.0196488
id20332,0.00332582,0.00379134,0.992883
id18573,0.0196623,0.0617194,0.918618
id08569,0.848129,0.0292236,0.122648
id22767,0.201717,0.742038,0.0562455
id25390,0.0583411,0.935424,0.0062345
id09288,0.974525,0.00814359,0.0173316
id12381,0.993617,0.00257309,0.0038103
id02895,0.0323258,0.0137895,0.953885
id25270,0.0057282,0.00634833,0.987923
id14248,0.305671,0.00684247,0.687487
id12831,0.653148,0.00619379,0.340658
id18305,0.968885,0.0207422,0.0103726
id07805,0.894813,0.0988612,0.0063257
id14027,0.0437478,0.0112583,0.944994
id02760,0.983476,0.0158458,0.000677801
id24362,0.999862,9.98184e-05,3.80122e-05
id17065,0.320354,0.65473,0.0249159
id26583,0.00751935,0.875897,0.116584
id19664,0.894786,0.0924945,0.0127194
id25145,0.998094,0.00141012,0.000495978
id17858,0.0249711,0.972905,0.0021242
id05148,0.0101283,0.0915566,0.898315
id22928,0.965824,0.0300696,0.00410628
id21549,0.458257,0.0272147,0.514528
id12649,0.277718,0.721128,0.00115395
id21597,0.991883,0.00163383,0.00648368
id27945,0.887978,0.0294917,0.0825307
id00243,0.998457,4.87074e-05,0.00149466
id02745,0.520173,0.0769884,0.402839
id23550,0.0207321,0.000963524,0.978304
id13023,0.0342823,0.00108121,0.964636
id24796,0.0851043,0.015268,0.899628
id12284,0.535871,0.364242,0.0998868
id02664,0.000668551,0.993905,0.00542587
id23767,0.805336,0.141641,0.0530229
id05859,0.0216464,0.921789,0.0565647
id14350,0.553766,0.223158,0.223077
id01191,0.109036,0.619106,0.271858
id17034,0.605609,0.015046,0.379345
id25292,0.145095,0.827271,0.0276334
id22121,0.995343,0.00381867,0.00083816
id20872,0.999906,8.54926e-05,8.93919e-06
id17720,0.042116,0.939809,0.0180749
id22658,0.132941,0.837591,0.0294682
id09567,0.788452,0.126135,0.0854123
id16445,0.991127,0.0027815,0.00609132
id08349,0.252528,0.121529,0.625943
id27437,0.0248299,0.114537,0.860633
id03812,0.919311,0.0663053,0.0143834
id22304,0.927694,0.010266,0.0620395
id04449,0.948606,0.0211227,0.0302716
id15605,0.344782,0.180037,0.47518
id01768,0.94423,0.0172602,0.0385099
id20019,0.281643,0.569079,0.149278
id09593,0.000336435,0.993775,0.00588875
id23179,0.457412,0.0184809,0.524108
id21279,0.844468,0.0409333,0.114599
id06711,0.00239931,0.0034724,0.994128
id14243,0.0148619,0.976959,0.00817956
id04839,3.1014e-05,0.0178617,0.982107
id17220,0.0486909,0.880547,0.0707619
id24177,0.670072,0.0327594,0.297169
id20512,0.033077,0.0108531,0.95607
id14036,0.00116353,0.998637,0.000199282
id25001,0.0551425,0.00396224,0.940895
id06175,0.00748056,0.964122,0.0283977
id24720,0.0776376,0.883563,0.0387997
id08070,0.257965,0.735683,0.00635154
id18934,0.912211,0.0185477,0.0692414
id01338,0.990084,0.00272477,0.00719118
id19008,0.0239299,0.94051,0.0355604
id19632,0.12768,0.72931,0.14301
id26224,0.0035764,0.278874,0.71755
id08219,0.798154,0.00216139,0.199685
id24008,0.000245998,0.00109437,0.99866
id12475,0.356842,0.609386,0.0337715
id05766,0.0126919,0.000961353,0.986347
id27386,0.000731385,0.998096,0.00117276
id12476,0.0133674,0.985111,0.00152222
id08311,0.881349,0.110215,0.00843594
id04996,0.846625,0.153329,4.54893e-05
id17350,0.0652328,0.924228,0.0105396
id05546,0.0461795,0.939889,0.0139314
id16504,0.135907,0.839468,0.0246244
id05782,6.62515e-07,3.3912e-06,0.999996
id20560,0.894747,0.0286197,0.0766332
id14171,0.0234044,0.030617,0.945979
id27461,0.56769,0.00697467,0.425335
id03581,0.211273,0.00524577,0.783481
id21847,0.122605,0.0441114,0.833284
id11712,0.932944,0.0244454,0.0426102
id26738,0.00168246,0.00351399,0.994803
id13668,0.97242,0.0243578,0.00322188
id15114,0.963296,0.0219117,0.0147924
id20130,0.950502,0.00303435,0.0464636
id18331,0.643597,0.077206,0.279197
id24465,0.999445,0.000233775,0.000321539
id13539,0.505765,0.34966,0.144575
id27564,0.0104117,0.90497,0.0846184
id26043,0.0109227,0.000367299,0.98871
id04965,2.25825e-06,8.2797e-06,0.99999
id08645,0.0468382,0.0501595,0.903002
id26610,0.560054,0.0148322,0.425113
id21737,0.748109,0.234601,0.01729
id25784,0.0251207,0.903282,0.0715971
id23030,0.954728,0.00787336,0.0373985
id16450,0.000218411,0.997966,0.00181582
id02161,0.879059,0.00121028,0.119731
id25535,0.889565,0.0128034,0.0976317
id16566,0.87881,0.00414505,0.117045
id05714,0.986489,0.0113792,0.00213213
id16524,0.915083,0.061043,0.0238744
id23941,0.00073231,0.97224,0.0270275
id00831,0.0316373,0.138552,0.82981
id18145,0.512551,0.0927679,0.394681
id17227,0.998189,0.000326757,0.00148438
id09417,0.44452,0.0223338,0.533146
id21307,0.96081,0.0252742,0.0139157
id05650,0.0176519,0.979625,0.00272281
id23901,0.978575,0.0149187,0.00650625
id05831,0.983493,0.0112689,0.00523767
id16708,0.0217623,0.960031,0.0182066
id02281,0.00176849,0.0220542,0.976177
id11599,0.544121,0.0539299,0.401949
id18353,0.039046,0.921976,0.0389777
id07413,0.331376,0.604766,0.063858
id15653,0.000890353,0.998746,0.00036409
id09715,0.0303794,0.00549767,0.964123
id05108,0.084159,0.90859,0.0072505
id09537,0.834835,0.0126677,0.152498
id27596,0.992986,0.00626647,0.000747658
id24255,0.0600301,0.00361426,0.936356
id05080,0.000147585,8.44333e-05,0.999768
id09484,0.915728,0.00214716,0.0821249
id14864,0.00254209,2.16008e-05,0.997436
id26836,0.978918,0.0171373,0.00394472
id07003,0.903835,0.0568652,0.0393
id13750,1.25314e-06,0.999997,2.11786e-06
id21799,0.0717102,0.173745,0.754545
id11285,0.999992,7.4235e-06,9.04025e-07
id04735,0.798486,0.187815,0.013699
id23049,0.000824182,0.0427071,0.956469
id05826,0.439097,0.534384,0.0265189
id17916,0.230297,0.748138,0.0215656
id14081,0.024293,0.00254762,0.973159
id10527,0.0401152,0.000891155,0.958994
id16059,0.0154775,0.958955,0.0255676
id25542,0.960103,0.0378805,0.00201634
id05402,0.000147232,0.00027928,0.999574
id01927,0.807909,0.0430617,0.14903
id27656,0.498868,0.234772,0.266361
id06708,0.19976,0.70421,0.0960297
id03524,0.599324,0.216203,0.184473
id12297,0.933779,0.0290638,0.0371575
id03439,0.963922,0.0303047,0.00577299
id04587,0.00367394,0.983155,0.0131707
id25470,0.0434482,0.949519,0.00703251
id01212,0.390582,0.537069,0.072349
id13932,0.909237,0.0477403,0.0430228
id00124,0.0386188,0.00170127,0.95968
id01592,0.964935,0.0262843,0.00878025
id13461,0.197945,0.66734,0.134715
id24681,0.105701,0.491109,0.40319
id23245,0.0961588,0.00647738,0.897364
id14073,0.261091,0.221412,0.517498
id05172,0.936216,0.00386841,0.0599161
id21979,0.910994,0.00309514,0.085911
id00328,0.903316,0.000143426,0.0965406
id26102,0.973807,0.013926,0.0122667
id14867,0.0882032,0.015396,0.896401
id27544,0.0485261,0.942092,0.00938181
id16228,0.852749,0.0248726,0.122378
id16342,0.561689,0.383924,0.0543873
id24933,0.982396,0.00576303,0.0118404
id04601,0.819681,0.0344915,0.145828
id01599,0.00564449,0.962732,0.0316236
id06238,0.971494,0.0271675,0.0013389
id06826,0.0709921,0.767615,0.161393
id23307,0.907694,0.0708939,0.0214118
id13575,0.988901,0.00441779,0.00668109
id24174,0.519291,0.00125807,0.479451
id19534,0.00997844,0.0111608,0.978861
id19602,0.0152852,0.00698172,0.977733
id26962,0.0397686,0.89203,0.0682016
id04448,0.0939218,0.905363,0.000714852
id09786,0.224605,0.722741,0.052654
id25240,0.705984,0.126661,0.167356
id14893,0.933056,0.064086,0.00285837
id24221,0.871633,0.123791,0.0045768
id04696,0.444971,0.011125,0.543904
id15153,0.0542993,0.92793,0.0177708
id13882,4.08599e-06,0.999966,3.02809e-05
id17836,0.160009,0.822166,0.0178259
id00574,0.140147,0.837302,0.0225515
id02078,0.0246961,0.769185,0.206119
id21206,0.523116,0.392092,0.0847917
id20084,0.594363,0.0119674,0.39367
id26598,0.014133,0.01088,0.974987
id06838,0.716843,0.0014812,0.281675
id08786,0.0153709,0.0191464,0.965483
id09550,0.102784,0.0142987,0.882918
id10206,0.969407,0.000214028,0.030379
id21113,0.918057,0.00971706,0.0722257
id21151,0.739028,0.229224,0.0317478
id02692,0.986314,0.0100339,0.00365174
id26446,0.989684,0.00908583,0.00123062
id07377,0.596632,0.376418,0.0269502
id15998,0.912894,0.0466661,0.0404396
id19637,0.985149,0.00718182,0.00766921
id19735,0.0197081,0.960867,0.0194254
id13739,0.130267,0.0251988,0.844534
id25175,0.899406,0.0716678,0.0289262
id00563,0.0484938,0.00750484,0.944001
id09982,0.95531,0.00370724,0.0409827
id15459,1.8506e-06,0.999997,1.00761e-06
id20785,0.000509707,0.00142026,0.99807
id07145,0.000180255,0.0856855,0.914134
id22204,0.142966,0.84915,0.00788423
id09285,0.905869,0.0167752,0.0773562
id18157,0.00011189,9.80139e-05,0.99979
id12134,0.0048488,0.00268821,0.992463
id23914,0.999277,0.000451435,0.000271121
id10483,0.985462,0.0144075,0.000130475
id07092,0.998755,0.000488716,0.000756377
id14786,0.032814,0.456684,0.510502
id25741,0.904104,0.000525651,0.0953702
id09050,0.033815,0.962819,0.0033665
id04938,0.816475,0.0248393,0.158686
id05901,0.923297,0.0216676,0.0550355
id16975,0.0106664,0.982455,0.00687858
id08547,0.0112849,0.0097009,0.979014
id16355,0.872374,0.0222771,0.105348
id14568,0.948772,0.00180832,0.0494202
id25599,0.038578,0.523958,0.437464
id01670,0.00196489,0.995462,0.00257268
id23945,0.0198569,0.977744,0.0023997
id17394,0.0349727,0.0138416,0.951186
id06501,0.433199,0.512504,0.0542978
id26234,0.00995857,0.981282,0.00875907
id21280,0.0868523,0.00454764,0.9086
id20048,0.00235499,0.103096,0.894549
id01216,0.136744,0.230552,0.632703
id25320,0.973202,0.0012447,0.0255534
id22833,0.118482,0.0989741,0.782543
id22056,0.467013,0.502493,0.0304941
id02275,0.000947615,0.993493,0.00555984
id26127,0.830671,0.00716549,0.162164
id17011,0.00535241,0.988148,0.00649963
id13847,0.934046,0.0161948,0.0497592
id00013,0.00190117,0.996855,0.00124359
id16463,0.732656,0.221259,0.046085
id04845,0.149268,0.843811,0.00692059
id01787,0.0234653,0.105889,0.870646
id08637,0.823438,0.114495,0.0620673
id11414,0.00667106,0.00159856,0.99173
id13177,0.0414034,0.0945757,0.864021
id24517,0.962836,0.0262351,0.010929
id26838,0.868294,0.0259429,0.105763
id23081,9.94497e-05,0.999699,0.000201511
id16327,0.0724886,0.923526,0.00398521
id27282,0.0687046,0.919531,0.0117648
id07489,0.677846,0.0254949,0.296659
id01718,0.00103308,0.000327357,0.99864
id15441,0.980498,0.0133501,0.00615229
id27736,0.0392557,0.856811,0.103933
id16324,0.00220909,0.0623049,0.935486
id12027,0.120016,0.166587,0.713397
id24653,0.0174867,0.981998,0.000515573
id17541,0.420197,0.0278377,0.551965
id22406,0.0267085,0.723871,0.24942
id18356,0.923713,0.0489657,0.027321
id04505,0.922342,0.0272498,0.0504077
id04246,0.668384,0.0758492,0.255767
id07368,0.281179,0.323248,0.395573
id26185,0.00517058,0.00598169,0.988848
id08878,0.125955,0.306168,0.567878
id27691,0.00506482,0.00139793,0.993537
id18004,0.629163,0.132955,0.237882
id24426,0.735761,0.0795203,0.184718
id14164,0.995708,0.00392894,0.000362786
id12653,0.00215151,0.984675,0.0131737
id18060,0.361052,0.0290209,0.609928
id18556,0.75718,0.0303056,0.212515
id27371,0.114735,0.199102,0.686164
id11989,0.0230325,0.842055,0.134912
id26095,0.878905,0.0954368,0.0256581
id24978,0.727853,0.090173,0.181975
id20322,0.540796,0.0190073,0.440197
id01954,0.968278,0.0180984,0.0136233
id07434,0.123835,0.031079,0.845086
id18144,0.00789389,0.00923098,0.982875
id16250,0.334992,0.637549,0.0274591
id17793,0.0111791,0.0874904,0.901331
id24067,0.0299721,0.0269061,0.943122
id13891,0.0346781,0.000416994,0.964905
id07334,0.193709,0.671488,0.134803
id15633,0.00016089,0.999216,0.000622713
id23239,0.755808,0.0181122,0.22608
id10674,0.281218,0.177558,0.541224
id22093,0.753169,0.235968,0.0108626
id08444,0.0768815,0.591131,0.331988
id03257,0.230843,0.285692,0.483465
id10040,0.503877,0.452671,0.0434518
id04902,0.0154653,0.00179809,0.982737
id01219,0.278168,0.719503,0.00232911
id01340,0.999081,0.000800861,0.000118497
id05117,0.00121663,0.997631,0.00115222
id04908,0.108306,0.00360002,0.888094
id03626,0.092434,0.0246874,0.882879
id01888,0.97744,0.0151508,0.00740955
id17199,0.0397992,0.00032374,0.959877
id11200,0.168264,0.826179,0.00555753
id27561,0.435111,0.00261501,0.562274
id20966,0.0416064,0.951065,0.00732852
id10257,0.00749223,0.990722,0.0017858
id21168,0.00410711,0.931562,0.0643312
id23363,0.200628,0.00175832,0.797614
id05321,0.758757,0.0533231,0.18792
id09928,0.000897177,0.00116716,0.997936
id18015,0.822609,0.165189,0.0122014
id02082,0.00104069,0.998933,2.62985e-05
id19279,0.763555,0.0577268,0.178718
id08541,0.398349,0.547282,0.054369
id15249,0.0921331,0.904731,0.00313599
id03609,0.018618,0.967235,0.014147
id22902,0.47423,0.0941375,0.431633
id17733,0.988507,0.00817092,0.00332172
id07554,0.0298104,0.107629,0.86256
id14120,0.834583,0.083246,0.0821714
id21802,0.20606,0.690517,0.103423
id15614,0.0216028,0.974012,0.00438497
id19437,0.00528138,0.00332535,0.991393
id22698,0.921799,0.0711116,0.00708926
id21841,0.00026399,0.999185,0.000551185
id16177,0.546466,0.449345,0.00418903
id15887,0.0938214,0.0480969,0.858082
id22629,0.429485,0.00494963,0.565565
id10346,0.993832,0.00144418,0.00472378
id05154,0.96079,0.00604086,0.033169
id22913,0.212258,0.784981,0.00276119
id10544,0.0469851,0.315818,0.637197
id08703,0.0509527,0.934474,0.0145734
id12817,0.892723,0.00759677,0.0996802
id25433,0.941308,0.0396238,0.0190682
id25112,0.03492,0.00812474,0.956955
id05054,0.054162,0.860223,0.0856146
id02311,0.0911533,0.851791,0.0570556
id22160,0.145062,0.778011,0.0769275
id17422,0.982854,0.0131366,0.00400905
id18985,0.896119,0.0143788,0.0895023
id21905,0.103713,0.0173201,0.878967
id17474,0.967665,0.025022,0.0073124
id15236,0.000773851,0.978528,0.0206979
id13964,0.929733,0.037318,0.0329495
id15962,0.000166214,0.999776,5.73961e-05
id20866,0.0113415,0.0295403,0.959118
id06625,0.131495,0.0140787,0.854427
id09793,0.450128,0.03846,0.511412
id17365,0.0120889,0.970723,0.0171883
id18463,0.122068,0.793711,0.0842203
id20693,0.187377,0.530824,0.281799
id08785,0.000760524,0.998426,0.000813309
id06783,0.0127958,0.981926,0.00527817
id23178,0.0267172,0.00535658,0.967926
id13513,0.000378581,0.998898,0.000723735
id25361,0.0333848,0.0745335,0.892082
id22319,0.70852,0.0701083,0.221371
id14024,0.678599,0.0251558,0.296245
id24186,0.0600059,0.930184,0.00981063
id20965,0.997304,0.00130831,0.00138752
id06242,0.103595,0.0356002,0.860805
id25665,0.0221671,0.112664,0.865169
id09706,0.528681,0.256732,0.214586
id11026,8.38994e-05,0.999381,0.000535284
id04223,0.950488,0.0385559,0.010956
id19674,0.0159777,0.959335,0.0246872
id23420,0.0112443,0.280709,0.708046
id18059,0.00323101,0.99632,0.000449151
id22576,0.995464,0.00348126,0.001055
id18495,8.02765e-06,0.999951,4.10224e-05
id14139,0.995939,0.00272504,0.00133595
id18313,0.0176938,0.978994,0.00331213
id27356,0.85874,0.0524834,0.0887763
id16035,0.447894,0.028634,0.523472
id04182,0.468807,0.43398,0.0972129
id15667,0.90887,0.0464335,0.0446965
id08713,0.952984,0.0171443,0.0298713
id25563,0.000100015,0.999583,0.000316731
id17023,0.999409,0.000478217,0.000112334
id03014,0.000455358,0.991395,0.00814967
id23812,0.000119151,0.999869,1.21519e-05
id20057,0.0279339,0.104817,0.867249
id12385,0.90417,0.0840921,0.0117381
id24416,0.421076,0.557558,0.0213657
id15672,0.000795487,0.940023,0.0591817
id13868,0.591479,0.365775,0.042746
id21095,0.0200309,0.0371257,0.942843
id05305,0.74738,0.0924162,0.160204
id15384,0.119401,0.301526,0.579072
id14049,0.0208191,0.00229281,0.976888
id23441,0.83998,0.116743,0.0432768
id12856,0.566434,0.0197523,0.413814
id16055,0.00696133,0.0226485,0.97039
id24771,0.601441,0.263745,0.134814
id14053,0.954582,0.00612623,0.0392921
id19547,0.0232366,0.296424,0.68034
id03639,0.174986,0.547728,0.277286
id14546,0.336861,0.617107,0.0460322
id13935,0.762363,0.0858528,0.151784
id20335,0.216905,0.767595,0.0154995
id07301,0.228941,0.185788,0.585271
id10186,0.977749,0.00294536,0.0193056
id00192,0.635866,0.306749,0.0573845
id17851,0.984957,0.0122797,0.00276361
id08403,0.549959,0.330586,0.119455
id06183,0.571392,0.155439,0.273169
id24738,0.195435,0.660084,0.144481
id15112,0.994435,0.000848018,0.00471648
id19819,0.00700753,0.00129845,0.991694
id17722,0.0037295,0.00456114,0.991709
id24273,0.000493539,0.696412,0.303095
id18939,0.0122295,0.00337255,0.984398
id16076,0.487476,0.500524,0.0119995
id23158,0.00698006,0.00861739,0.984403
id12745,0.926322,0.00368357,0.0699942
id22538,0.17455,0.26214,0.56331
id14975,0.109447,0.881274,0.00927872
id27537,0.776461,0.169326,0.054213
id06632,0.148675,0.0046985,0.846627
id08100,0.272775,0.712877,0.0143478
id00843,0.989827,0.00434388,0.00582924
id22159,0.0671009,0.00858348,0.924316
id18672,0.840565,0.00146265,0.157973
id06916,0.345714,0.620156,0.0341296
id22212,0.20216,0.0561368,0.741703
id00273,0.148221,0.0153939,0.836385
id26325,0.220081,0.727603,0.0523164
id23683,0.509878,0.370831,0.119291
id14419,0.00262828,0.937268,0.0601036
id11931,5.2857e-06,0.999993,1.73289e-06
id00568,0.0293082,0.957433,0.0132593
id12271,0.987582,0.00199657,0.0104217
id12622,0.299652,0.699926,0.000421315
id03156,0.246158,0.690911,0.0629314
id25592,0.959481,0.0393058,0.00121285
id24367,0.950107,0.0178309,0.0320617
id16007,0.151089,0.0667425,0.782168
id04785,0.84783,0.0156978,0.136472
id07888,0.217022,0.294691,0.488287
id13557,0.55292,0.397141,0.0499391
id20726,0.965166,0.00116842,0.033666
id09580,0.982945,0.00047646,0.0165784
id05173,0.0015858,0.998316,9.81453e-05
id10394,0.00566679,0.990122,0.00421148
id03926,0.0283522,0.882958,0.08869
id07264,0.997269,0.000128952,0.00260161
