id,EAP,HPL,MWS
id02310,0.0422272,0.0133413,0.944432
id24541,0.944058,0.0437536,0.0121883
id00134,0.111953,0.870607,0.01744
id27757,0.724678,0.137384,0.137939
id04081,0.912175,0.0168811,0.0709441
id27337,0.294264,0.696615,0.0091203
id24265,0.776378,0.209427,0.0141954
id25917,0.21324,0.326702,0.460058
id04951,0.979047,0.0203361,0.000616893
id14549,0.933305,0.0482181,0.0184771
id22505,0.0824238,0.858379,0.0591972
id24002,0.000229163,0.999546,0.000225349
id18982,0.102049,0.698271,0.199679
id15181,0.00320776,0.996499,0.000293412
id21888,0.882112,0.0156366,0.102252
id12035,0.000208129,0.000195663,0.999596
id17991,0.140046,0.0112211,0.848733
id10707,0.999761,0.000222142,1.67862e-05
id07101,0.120197,0.0244698,0.855333
id00345,0.589156,0.39892,0.0119242
id05912,0.874009,0.00665009,0.119341
id13443,0.933601,0.035001,0.0313981
id09248,0.142817,0.0352659,0.821917
id17542,0.0023869,0.996987,0.000626132
id06995,0.261761,0.0602394,0.678
id25159,0.550323,0.00659429,0.443082
id25729,0.857248,0.0989813,0.0437706
id26949,0.947005,0.0266544,0.0263406
id27191,0.23235,0.00466282,0.762987
id07668,0.231135,0.0223091,0.746556
id02230,0.114053,0.27692,0.609026
id15553,0.989446,0.005391,0.00516322
id25688,0.00100032,0.997211,0.00178865
id17545,0.980387,0.0173005,0.00231238
id13929,0.826265,0.0665874,0.107148
id12880,0.346709,0.276358,0.376933
id19282,0.791739,0.113057,0.0952042
id14690,0.00141423,0.000484313,0.998102
id17975,0.0117254,0.983427,0.00484713
id08037,0.827031,0.00759208,0.165376
id15412,0.108967,0.00161446,0.889418
id25032,0.307227,0.0529929,0.63978
id27165,0.999438,0.000473476,8.86402e-05
id03327,0.835705,0.0830625,0.0812326
id18515,0.971936,0.00656188,0.0215025
id21003,0.349431,0.0795638,0.571005
id23855,0.00107029,0.996458,0.00247121
id20724,0.932429,0.014102,0.0534692
id13303,0.626437,0.109195,0.264368
id16521,0.00662476,0.365793,0.627582
id20775,0.972282,0.0248043,0.00291389
id13029,0.989191,0.00893786,0.00187123
id14660,0.820079,0.175547,0.00437438
id11028,0.00445043,0.000135791,0.995414
id14180,0.976037,0.0186596,0.00530387
id25860,0.9934,0.00595101,0.000649397
id11910,0.524288,0.00713723,0.468575
id08065,0.136906,0.0106308,0.852463
id22674,0.0480338,0.00796774,0.943998
id25018,0.243152,0.00720394,0.749644
id10892,0.114569,0.875987,0.00944462
id10217,0.0239112,0.975085,0.00100335
id12996,0.15402,0.00726051,0.83872
id18262,0.657408,0.0934424,0.24915
id08606,0.106044,0.869172,0.0247838
id17233,0.997749,0.000694878,0.00155587
id00101,0.848405,0.0759429,0.0756525
id12225,0.977101,0.0134241,0.00947531
id01364,0.206781,0.765635,0.027583
id24973,0.898012,0.00327606,0.098712
id25363,0.720241,0.0208936,0.258865
id10061,0.64032,0.0431292,0.31655
id17673,0.35763,0.560089,0.082281
id13249,0.250012,0.0102856,0.739702
id10107,0.000231175,1.89922e-05,0.99975
id04403,0.968376,0.00894145,0.0226824
id25728,0.944993,0.0427423,0.0122651
id16184,0.239019,0.107583,0.653399
id03438,0.0282689,0.000479267,0.971252
id22923,0.0213529,0.973229,0.00541826
id08610,0.999678,0.000106835,0.000215008
id25355,0.12583,0.0900947,0.784075
id16916,0.614628,0.365718,0.0196537
id12793,0.117139,0.862071,0.0207907
id11859,0.685112,0.00556645,0.309322
id02434,0.998854,0.000992753,0.000153399
id27703,0.0441815,0.00144434,0.954374
id25212,0.12474,0.867555,0.00770583
id11308,0.0774103,0.0930542,0.829535
id26094,0.917993,0.0419207,0.0400865
id22080,0.974811,0.0247948,0.000394453
id03545,0.993843,0.00205336,0.0041038
id23725,0.00560387,0.0106271,0.983769
id12009,0.963424,0.0177337,0.0188418
id24241,0.334906,0.401583,0.263511
id03596,0.0143013,0.982909,0.00278978
id10749,0.045555,0.936971,0.0174741
id22794,0.00606277,0.0111709,0.982766
id15482,0.314694,0.138177,0.547128
id04833,0.223395,0.758752,0.0178526
id00397,0.200125,0.00387902,0.795996
id14691,0.0939048,0.229207,0.676889
id05193,0.016763,0.00175737,0.98148
id19541,0.907297,0.075701,0.017002
id22166,0.00505543,0.00886728,0.986077
id20744,0.0106257,0.00403324,0.985341
id10392,0.0318999,0.0399915,0.928109
id00770,0.940079,0.0249127,0.035008
id06018,0.722943,0.151644,0.125413
id15678,0.81336,0.00424993,0.18239
id08305,0.991219,0.00844705,0.000334041
id08903,0.230739,0.00568898,0.763572
id14752,0.247442,0.705628,0.0469294
id12468,0.0397058,0.956469,0.00382524
id05085,0.500559,0.420175,0.0792656
id21993,0.312415,0.00859364,0.678991
id15503,0.913404,0.0811546,0.00544115
id03021,0.000156445,0.999247,0.000596686
id16123,0.989829,0.0069148,0.00325614
id19383,0.997984,0.00149549,0.000520798
id04186,0.999042,0.000313735,0.000643933
id17954,0.0123593,0.00617205,0.981469
id12030,0.327395,0.00298627,0.669619
id13020,0.87983,0.104318,0.0158523
id25327,0.0100482,0.931506,0.0584462
id16344,0.0543056,0.428673,0.517022
id12303,0.242285,0.743099,0.0146161
id15017,0.906096,0.0807617,0.0131426
id22308,0.463846,0.058759,0.477395
id06536,0.161106,0.188043,0.65085
id19797,0.0742699,0.760956,0.164774
id06332,0.340418,0.638543,0.0210391
id22941,0.146332,0.298253,0.555416
id13547,0.00698091,0.0509042,0.942115
id06928,0.0640764,0.0014466,0.934477
id12521,0.169051,0.826044,0.00490513
id25716,0.827071,0.00044233,0.172486
id27116,3.37067e-07,1.7649e-07,1.0
id19941,0.0170196,0.977596,0.00538481
id05711,9.99477e-06,0.000215225,0.999775
id02097,0.00512109,0.0350316,0.959847
id03563,0.0349902,0.958949,0.00606057
id02295,0.260509,0.733157,0.0063339
id08179,0.891273,0.0224089,0.0863179
id05332,0.00506681,0.992058,0.00287522
id15697,0.354043,0.243884,0.402073
id17026,0.630724,0.153371,0.215905
id04243,0.17854,0.81596,0.00549982
id13175,0.997867,0.000567284,0.00156601
id05387,0.925269,0.023578,0.0511534
id19989,0.749194,0.212449,0.0383566
id25173,0.0558808,0.050416,0.893703
id08925,0.000924937,0.999066,8.923e-06
id03034,0.0123126,0.960972,0.026715
id13272,0.00490352,0.988807,0.00628977
id07956,0.961161,0.00435144,0.0344874
id02648,1.31118e-05,6.47244e-05,0.999922
id01778,0.077118,0.00205463,0.920827
id12846,0.0139392,0.00368009,0.982381
id19001,0.80651,0.0114702,0.18202
id05763,0.893553,0.00505995,0.101387
id15590,0.000128021,0.000111748,0.99976
id04912,0.628033,0.139803,0.232163
id21201,0.871897,0.0723693,0.0557342
id13215,0.997421,0.000110161,0.00246886
id15612,0.0117752,0.975434,0.0127908
id18501,0.0183322,0.0021148,0.979553
id07223,0.758,0.113625,0.128375
id06707,0.24569,0.116834,0.637476
id05238,0.00133297,0.998461,0.000206224
id00935,0.0492215,0.556489,0.39429
id00110,0.483097,0.34721,0.169693
id17476,0.968405,0.0253888,0.00620594
id15170,0.963039,0.0289927,0.00796791
id13397,0.723418,0.0239667,0.252615
id24283,0.716902,0.159103,0.123995
id15234,0.994443,0.00473565,0.000820799
id16884,0.654312,0.244,0.101687
id07831,0.197736,0.638499,0.163765
id16038,0.992297,0.00740172,0.000301351
id03629,0.942507,0.0178456,0.0396473
id21019,0.912181,0.0637104,0.0241089
id21835,0.417695,0.0473381,0.534966
id04480,0.0105165,0.989079,0.00040471
id20838,0.85405,0.12535,0.0206002
id24195,0.716377,0.145087,0.138536
id05448,0.653629,0.121494,0.224878
id15957,0.00870853,0.990556,0.000735666
id19956,0.00827719,0.000193833,0.991529
id15104,0.0537751,0.0208938,0.925331
id17559,0.876943,0.058592,0.0644653
id16839,0.522868,0.151367,0.325765
id14493,0.746014,0.00478415,0.249202
id08833,0.908247,0.00702249,0.0847302
id15723,0.0369132,0.00310425,0.959983
id02716,0.980588,0.00731143,0.012101
id06689,0.0250282,0.971926,0.00304613
id18837,0.470675,0.0515441,0.477781
id04466,0.931435,0.0370364,0.031529
id00686,0.820376,0.0976465,0.0819778
id09010,0.412926,0.578904,0.00816971
id23353,0.967671,0.00212291,0.0302066
id00066,0.68222,0.310831,0.00694916
id15724,0.3618,0.603283,0.0349176
id23486,0.0913139,0.00366324,0.905023
id22258,0.00489287,0.0135769,0.98153
id02292,0.80172,0.0453956,0.152885
id16356,0.420718,0.027252,0.55203
id00235,0.698659,0.0334404,0.2679
id25522,0.142338,0.0204811,0.837181
id04204,0.000170672,0.999792,3.75406e-05
id22016,0.83319,0.0186953,0.148115
id06480,0.207522,0.771789,0.0206888
id08718,0.00046606,1.54971e-05,0.999518
id05251,0.0195656,0.977807,0.00262697
id03359,0.769059,0.213132,0.0178085
id16117,0.0125842,0.00138067,0.986035
id17000,0.00668502,0.981938,0.0113772
id01730,0.11469,0.879081,0.0062288
id00630,0.912851,0.0481292,0.0390202
id18175,0.0107083,0.00160037,0.987691
id00907,0.618809,0.102942,0.278249
id18251,0.00837727,0.986903,0.00471966
id25861,0.861506,0.0911665,0.0473274
id00398,0.918734,0.0660583,0.0152076
id27573,0.991099,0.000865829,0.00803512
id10022,0.0185147,0.967949,0.0135359
id15901,0.47867,0.00771997,0.51361
id00451,0.101299,0.0589078,0.839793
id23129,0.0139985,0.985707,0.000294703
id26498,0.393785,0.520357,0.0858586
id14741,0.877208,0.0229045,0.0998874
id18453,0.251955,0.0329814,0.715064
id08309,0.767431,0.180317,0.0522518
id00320,0.983049,0.00330918,0.0136418
id07688,0.167995,0.0239256,0.808079
id01556,0.0112456,0.000671766,0.988083
id00178,0.586501,0.234717,0.178781
id18902,0.0185295,0.0347278,0.946743
id27002,0.139445,0.843986,0.0165687
id21418,0.99598,0.00247814,0.0015416
id23018,0.629814,0.0730939,0.297092
id07032,0.59906,0.0294797,0.37146
id16195,0.692271,0.00943226,0.298296
id11202,0.00315521,0.982908,0.0139368
id09578,0.814481,0.0113964,0.174123
id26984,0.934702,0.00186786,0.0634306
id19856,0.00408458,0.995114,0.000801955
id12086,0.6094,0.0100481,0.380552
id12052,0.0074937,0.00450342,0.988003
id17728,0.000110877,0.00522617,0.994663
id24608,0.804299,0.154465,0.0412361
id21097,0.382867,0.0655476,0.551585
id20179,0.001311,0.0257985,0.972891
id15144,0.700464,0.127247,0.17229
id00206,0.978045,0.0136918,0.00826288
id22285,0.0286292,0.00318549,0.968185
id06417,0.0356068,0.9367,0.0276933
id00215,0.000213703,0.999726,6.07213e-05
id04201,0.332857,0.218786,0.448357
id21771,0.986041,0.00924239,0.00471699
id12451,0.0335553,0.852918,0.113526
id14250,0.0981802,0.694132,0.207688
id03433,0.0153735,0.983276,0.00135071
id03303,0.0790632,0.0136083,0.907329
id25901,0.204885,0.216584,0.578531
id06945,0.89064,0.0340622,0.0752973
id05664,0.76021,0.186606,0.0531845
id05741,0.987698,0.00835236,0.00395015
id10652,0.985126,0.0063064,0.00856763
id16300,0.850091,0.0396758,0.110233
id12319,0.309405,0.287765,0.40283
id07500,0.0182558,0.978874,0.00287034
id12478,0.122819,0.172973,0.704208
id03076,0.0592967,0.00182171,0.938882
id00969,0.123228,0.873956,0.00281624
id23636,0.0128427,0.982846,0.00431147
id09791,0.371168,0.189267,0.439564
id05680,0.118714,0.636056,0.24523
id03672,0.145984,0.555026,0.29899
id04286,0.00982841,0.977045,0.0131267
id23883,0.0409767,0.0672868,0.891736
id11914,0.28167,0.00530543,0.713025
id20974,0.00173537,0.99803,0.000234952
id26125,0.507995,0.0311563,0.460849
id15543,0.341843,0.0162113,0.641946
id19471,0.997772,0.00121424,0.00101326
id11503,0.925772,0.0563213,0.0179067
id09321,0.00394755,0.939086,0.0569663
id25560,4.89101e-05,0.000250782,0.9997
id06726,0.514096,0.267729,0.218176
id05709,0.873088,0.00101029,0.125902
id09788,0.213289,0.291733,0.494978
id05289,0.972886,0.022633,0.00448057
id11815,0.00205264,0.997253,0.000694762
id22422,0.77865,0.0293508,0.191999
id25954,0.66503,0.0557003,0.27927
id13601,0.717784,0.130978,0.151238
id05677,0.949639,0.0282209,0.0221398
id10498,0.00133678,0.998396,0.000267372
id02665,0.490923,0.461964,0.047113
id10114,0.105865,0.796206,0.097929
id26314,0.856259,0.00863251,0.135108
id21240,0.675439,0.254308,0.0702526
id15569,0.957589,0.0327994,0.00961164
id25928,0.0818221,0.101331,0.816847
id22706,0.0109535,0.986897,0.00214941
id20877,0.00748442,0.958638,0.0338777
id04318,0.997187,0.00168754,0.00112544
id18299,0.376441,0.50773,0.115828
id08126,0.040768,0.00545328,0.953779
id14293,0.177646,0.00616202,0.816192
id12759,0.975581,0.00559045,0.0188284
id11983,0.766359,0.106736,0.126905
id05580,0.146203,0.721518,0.132278
id25846,0.402187,0.475363,0.12245
id01939,0.265044,0.0163299,0.718626
id26327,0.0697312,0.141605,0.788664
id11068,0.00593631,0.00030296,0.993761
id08404,0.971607,0.00695401,0.0214393
id27189,0.847744,0.134486,0.0177699
id15119,0.00918488,0.923055,0.06776
id26525,0.993513,0.000839966,0.00564723
id03618,0.619205,0.337884,0.0429109
id27220,0.996488,0.000442784,0.00306895
id18777,0.0265935,0.000100718,0.973306
id20213,0.97711,0.00694843,0.0159411
id20403,0.811223,0.0891347,0.099642
id03777,0.0931687,0.0167207,0.890111
id10595,0.0381103,0.938081,0.0238085
id13816,0.409229,0.0328991,0.557872
id05667,0.0270444,0.0103006,0.962655
id24629,0.894522,0.0123976,0.0930803
id20398,0.180697,0.322944,0.49636
id14108,0.00326965,0.000502522,0.996228
id06196,0.000229282,0.999731,3.95445e-05
id02800,0.16552,0.740566,0.0939136
id18732,0.00252499,0.992686,0.00478939
id11915,0.0616896,0.888307,0.050003
id09739,0.784644,0.105787,0.109569
id24672,0.978131,0.0182284,0.00364054
id00414,0.0110291,0.068178,0.920793
id16307,0.956456,0.0368377,0.00670626
id14043,0.0764407,0.00586303,0.917696
id00517,0.00303335,0.0105256,0.986441
id09744,0.894845,0.0999973,0.00515785
id19257,0.965042,0.0105682,0.0243903
id15437,0.832941,0.140571,0.0264885
id16352,0.0329146,0.0220991,0.944986
id18849,0.254108,0.00974922,0.736143
id19434,1.54621e-05,0.999961,2.37089e-05
id17928,0.179996,0.0538293,0.766175
id16896,0.0710603,0.00482677,0.924113
id02135,0.350515,0.365061,0.284425
id15075,0.919004,0.0454129,0.0355828
id27486,0.0088759,0.990045,0.00107945
id19422,0.9834,0.0156578,0.000941798
id09603,0.0104273,0.976455,0.0131181
id02133,0.0410203,0.930188,0.0287913
id03441,0.588012,0.0180583,0.39393
id02398,0.000924163,0.998906,0.000169702
id05152,0.116485,0.243409,0.640106
id17838,0.510713,0.0149593,0.474328
id25060,0.471926,0.52173,0.00634413
id09998,0.204754,0.086239,0.709007
id01828,0.0463242,0.67546,0.278216
id25377,0.223462,0.167146,0.609392
id22175,0.0892596,0.895531,0.0152088
id02974,0.0164955,0.0528636,0.930641
id26955,0.995722,0.00372351,0.00055437
id21091,0.98117,0.00592277,0.012907
id12802,0.959205,0.0192986,0.021496
id07432,0.00916633,0.962215,0.0286182
id18749,0.0676932,0.764002,0.168304
id15030,0.00923411,0.0224252,0.968341
id17155,0.00158082,0.995654,0.00276471
id08128,0.0705958,0.565538,0.363866
id25706,0.00151667,0.954115,0.0443681
id15645,0.958598,0.0303748,0.0110268
id04943,0.338197,0.654883,0.0069199
id27566,0.0764038,0.0483348,0.875261
id11765,0.175701,0.271188,0.553111
id13783,0.56032,0.333853,0.105827
id00492,0.0859672,0.121597,0.792436
id27636,0.206636,0.0890187,0.704345
id04273,0.832357,0.0819054,0.0857376
id02537,0.168869,0.365098,0.466032
id24349,0.289548,0.70193,0.00852214
id00023,0.00538649,0.979122,0.0154917
id23025,0.114916,0.874543,0.0105408
id08722,0.941328,0.00516623,0.0535059
id02420,0.747721,0.228246,0.0240333
id10811,0.827288,0.0239087,0.148804
id04019,0.219085,0.317926,0.462989
id18334,0.997022,0.00280059,0.000177583
id16781,0.108025,0.8873,0.00467504
id08773,0.810209,0.128692,0.0610986
id19214,0.964715,0.0251921,0.0100933
id09589,1.3613e-05,0.998033,0.00195306
id24246,0.456427,0.523103,0.0204691
id23577,0.132998,0.865678,0.00132422
id09305,0.959913,0.00686153,0.0332256
id16460,0.816243,0.0381779,0.145579
id21115,0.900006,0.0184168,0.0815768
id25996,0.523962,0.114389,0.361648
id02551,0.0131441,0.0305365,0.95632
id19352,0.02471,0.00445926,0.970831
id03806,0.0244795,0.00224925,0.973271
id26544,0.989792,0.0016376,0.00856989
id18761,0.879357,0.0531202,0.0675223
id24148,0.0490754,0.920355,0.0305701
id16095,0.0162853,0.919817,0.0638977
id18442,0.637899,0.0431904,0.318911
id22596,2.10016e-06,1.01158e-05,0.999988
id23002,0.000392469,0.000166539,0.999441
id04797,0.937849,0.0279887,0.0341619
id06610,0.182366,0.0378175,0.779817
id16173,0.109994,0.84819,0.0418156
id18292,0.197185,0.157338,0.645477
id27328,0.997831,0.00104161,0.00112777
id01695,2.57031e-05,0.999946,2.83361e-05
id05761,0.489715,0.0211497,0.489136
id16354,0.935668,0.00664551,0.0576864
id12207,0.00306662,0.987019,0.00991419
id05665,0.0444181,0.00477383,0.950808
id01911,0.941946,0.0481478,0.00990659
id19153,0.039473,0.00315174,0.957375
id10295,0.60216,0.101667,0.296174
id23038,0.761947,0.226813,0.0112404
id23783,0.423348,0.564915,0.0117377
id27879,0.508482,0.486809,0.00470916
id19190,0.00538652,0.994521,9.23582e-05
id05065,0.794428,0.0189786,0.186593
id21296,0.02644,0.901608,0.071952
id13262,0.0642758,0.357442,0.578282
id10333,0.855742,0.0702981,0.0739596
id16677,0.653196,0.242844,0.10396
id01392,0.526106,0.014309,0.459585
id27874,0.965749,0.0147356,0.0195151
id02294,0.000282815,0.999136,0.000581774
id18298,0.00237964,0.00260894,0.995011
id06997,0.945809,0.0214321,0.0327591
id05243,0.0762506,0.221732,0.702018
id00860,0.0462306,0.719348,0.234421
id26681,0.905459,0.0934248,0.00111583
id06020,0.000174631,5.39508e-05,0.999771
id27683,0.90421,0.0258379,0.0699521
id17655,0.143789,0.827004,0.0292064
id08817,0.107706,0.161267,0.731027
id11512,0.0072639,0.0244369,0.968299
id00478,0.213572,0.0432554,0.743173
id02116,0.95818,0.00702516,0.0347951
id06746,0.879416,0.10241,0.0181745
id03863,0.147245,0.803447,0.0493074
id01802,0.175773,0.633691,0.190536
id11682,0.880778,0.0362446,0.0829769
id04033,0.0503733,0.902726,0.0469007
id09286,0.210344,0.285176,0.50448
id12904,0.967088,0.0192565,0.0136552
id07420,0.000151173,0.000366341,0.999483
id22398,0.000435605,0.99898,0.000583889
id00424,0.112051,0.00468935,0.88326
id20960,0.992478,0.00495007,0.00257162
id10267,0.624356,0.0780756,0.297568
id19330,0.231475,0.00604899,0.762476
id00994,0.0017482,0.996381,0.00187081
id10785,0.616946,0.26751,0.115544
id00955,0.013918,0.970551,0.0155308
id09757,0.00997077,0.987272,0.00275704
id10030,0.0471186,0.0354103,0.917471
id22952,0.0928315,0.0382415,0.868927
id21955,0.000144299,0.00219929,0.997656
id07674,0.757013,0.0109384,0.232048
id13760,0.0517525,0.932475,0.0157724
id18166,0.828416,0.0177313,0.153853
id23498,0.944918,0.0483749,0.00670726
id05296,0.999239,0.000576857,0.000183884
id26709,0.616484,0.313552,0.0699643
id02853,0.987183,0.0111773,0.00164004
id06800,0.610213,0.278513,0.111274
id14758,0.755759,0.185479,0.0587613
id12356,0.988879,0.00865085,0.00247052
id21492,0.72012,0.154239,0.125642
id27540,0.396257,0.102402,0.501341
id07376,0.23352,0.642833,0.123647
id15201,0.523802,0.432994,0.0432044
id23388,0.016055,0.977252,0.00669255
id13923,0.0771431,0.90604,0.0168172
id00794,0.00153145,0.985708,0.0127602
id23910,0.372908,0.0334729,0.593619
id02556,0.00881409,0.00631461,0.984871
id22151,0.0115898,0.986896,0.00151384
id11698,0.240359,0.679524,0.0801174
id11627,0.291792,0.606643,0.101565
id06340,0.998871,0.000202939,0.00092566
id05123,0.993922,0.000794855,0.00528354
id26620,0.00708499,0.000438491,0.992477
id04002,0.0252422,0.035009,0.939749
id26554,0.0818271,0.498717,0.419456
id18012,0.511273,0.195397,0.293331
id12964,0.0224386,0.00983958,0.967722
id18965,0.00416557,0.08082,0.915014
id19082,0.417945,0.016531,0.565525
id26742,0.0309105,0.00340444,0.965685
id15442,0.00172507,0.997306,0.000969456
id16647,0.798487,0.005485,0.196028
id11544,0.0681102,0.0218319,0.910058
id20581,0.375376,0.236846,0.387778
id13192,0.412682,0.557608,0.02971
id15814,0.452759,0.223726,0.323515
id26279,0.00494724,0.994767,0.000285864
id00240,0.997651,0.00107056,0.00127842
id22836,0.962399,0.0291312,0.00846934
id15085,0.06831,0.769514,0.162176
id17495,0.710814,0.0109036,0.278283
id26762,0.772998,0.0207057,0.206296
id13685,0.999662,1.06873e-05,0.000327151
id16560,0.0647986,0.927732,0.00746966
id17184,0.000422608,0.997495,0.00208209
id21635,0.992519,0.00402354,0.00345695
id26751,0.201406,0.735647,0.0629467
id12351,0.59846,0.14712,0.25442
id14872,0.793202,0.168792,0.038006
id18372,0.833663,0.147205,0.0191318
id26851,0.93421,0.0271593,0.0386305
id22659,0.560873,0.438109,0.00101795
id04102,0.000837596,0.000169094,0.998993
id02353,0.0680287,0.903813,0.0281582
id26721,0.867467,0.125658,0.00687531
id11171,0.755744,0.0200596,0.224197
id13562,0.71449,0.165955,0.119554
id26425,0.892507,0.0362971,0.0711964
id26394,0.212004,0.101916,0.68608
id22187,0.623882,0.242713,0.133404
id00422,0.988433,0.00618489,0.0053817
id22667,0.00249563,0.99706,0.000444734
id00911,0.658484,0.0420987,0.299417
id17291,0.729107,0.0130678,0.257825
id01915,0.262761,0.15176,0.585478
id01434,0.142287,0.0128232,0.84489
id01584,0.748048,0.102716,0.149236
id09266,0.88347,0.0228717,0.0936586
id17494,0.00344272,0.982208,0.0143488
id24919,0.377524,0.445895,0.176581
id21043,0.11216,0.0058675,0.881973
id17796,0.0647737,0.906388,0.0288387
id02166,0.553434,0.0243578,0.422209
id17503,0.992564,0.00451399,0.00292234
id21203,0.751083,0.037923,0.210994
id25626,0.995603,0.00416526,0.000231548
id09836,0.996993,0.0028891,0.000117442
id24202,0.00387209,0.0364505,0.959677
id27260,0.0155405,0.00161286,0.982847
id23167,0.00348147,0.000919351,0.995599
id10393,4.99534e-05,0.999931,1.93303e-05
id01171,0.96169,0.0283556,0.00995416
id06380,0.980915,0.0127989,0.00628634
id22686,0.368718,0.0131941,0.618088
id26250,0.21941,0.0173398,0.763251
id09315,0.189054,0.58558,0.225366
id00886,0.0714655,0.894338,0.0341959
id03101,0.726617,0.123813,0.14957
id12367,0.732756,0.00782114,0.259423
id10770,0.820276,0.0154311,0.164293
id14949,0.0476855,0.939036,0.0132781
id14141,0.0865303,0.90487,0.00859932
id25417,0.808866,0.174742,0.016392
id26873,0.838281,0.0356145,0.126105
id10818,0.176243,0.015203,0.808554
id15146,0.935627,0.00379997,0.0605729
id23328,0.954445,0.0307478,0.0148075
id16765,0.673082,0.20027,0.126648
id24383,0.905285,0.0151042,0.0796106
id21304,0.421685,0.562722,0.0155928
id12551,0.0520806,0.932902,0.0150172
id23274,0.125878,0.0852985,0.788824
id08117,0.923537,0.01636,0.0601031
id23961,0.924735,0.00354589,0.071719
id13865,0.0563245,0.924273,0.0194028
id22807,0.501259,0.209063,0.289678
id08951,0.183234,0.0250226,0.791743
id18684,0.997937,0.00149058,0.000572582
id25179,0.0879268,0.878193,0.0338801
id27033,0.45371,0.031172,0.515118
id13977,0.0247785,0.960916,0.0143059
id19337,0.00071819,0.972863,0.0264191
id25764,0.00647161,0.987789,0.0057393
id16106,0.093248,0.0260887,0.880663
id05468,0.0283883,0.00222155,0.96939
id05241,0.983261,0.000610747,0.0161284
id10215,0.863165,0.0618259,0.0750089
id23457,0.0511325,0.1849,0.763968
id02200,0.761937,0.152864,0.0851987
id13714,0.00900768,0.984285,0.00670777
id20332,0.00671878,0.00514884,0.988132
id18573,0.048281,0.277694,0.674025
id08569,0.75268,0.0809988,0.166321
id22767,0.159915,0.744807,0.0952776
id25390,0.227382,0.745064,0.0275539
id09288,0.908923,0.0183718,0.0727054
id12381,0.979881,0.0051392,0.0149801
id02895,0.00964671,0.00433448,0.986019
id25270,0.00419891,0.00700047,0.988801
id14248,0.166515,0.00986569,0.823619
id12831,0.827967,0.0139006,0.158132
id18305,0.923533,0.0323805,0.0440867
id07805,0.892109,0.10456,0.00333157
id14027,0.0461422,0.0126374,0.94122
id02760,0.965605,0.0294884,0.00490701
id24362,0.996556,0.00193288,0.0015115
id17065,0.1555,0.832869,0.011631
id26583,0.0169155,0.853272,0.129812
id19664,0.379575,0.612413,0.00801125
id25145,0.951704,0.0378084,0.0104874
id17858,0.0884992,0.906771,0.00472948
id05148,0.223081,0.416746,0.360172
id22928,0.938256,0.0534648,0.00827893
id21549,0.401443,0.00588315,0.592673
id12649,0.100545,0.897686,0.00176942
id21597,0.977032,0.00985754,0.0131102
id27945,0.654031,0.122237,0.223732
id00243,0.99486,0.000343344,0.00479674
id02745,0.505413,0.080694,0.413893
id23550,0.0094617,0.000662255,0.989876
id13023,0.000314884,3.3981e-05,0.999651
id24796,0.18963,0.198953,0.611417
id12284,0.350334,0.521647,0.128019
id02664,3.70891e-05,0.999466,0.00049744
id23767,0.655837,0.132948,0.211215
id05859,0.00904938,0.981285,0.00966537
id14350,0.12362,0.0667012,0.809679
id01191,0.0734781,0.802185,0.124337
id17034,0.915205,0.0149644,0.0698303
id25292,0.788989,0.198751,0.0122605
id22121,0.999648,0.00025468,9.68886e-05
id20872,0.99995,4.03397e-05,9.25476e-06
id17720,0.275295,0.71209,0.0126142
id22658,0.123819,0.832505,0.0436756
id09567,0.779442,0.163403,0.0571548
id16445,0.972105,0.0232776,0.00461753
id08349,0.330867,0.288462,0.380671
id27437,0.0169864,0.10304,0.879973
id03812,0.781534,0.193788,0.024678
id22304,0.897326,0.0917666,0.0109072
id04449,0.836967,0.0656387,0.0973943
id15605,0.584229,0.0833629,0.332408
id01768,0.835731,0.0372054,0.127064
id20019,0.0860849,0.685934,0.227981
id09593,0.00252182,0.989647,0.00783073
id23179,0.557514,0.0301972,0.412289
id21279,0.733107,0.0646525,0.20224
id06711,0.00234275,0.00139551,0.996262
id14243,0.00953655,0.987397,0.0030661
id04839,0.000131801,0.0102448,0.989623
id17220,0.0167527,0.936969,0.0462783
id24177,0.318575,0.137872,0.543553
id20512,0.0825047,0.00775181,0.909743
id14036,0.00443826,0.993064,0.00249729
id25001,0.0388412,0.0143812,0.946778
id06175,0.0299453,0.723697,0.246358
id24720,0.0690295,0.708224,0.222746
id08070,0.694232,0.293039,0.0127293
id18934,0.981088,0.00666496,0.0122474
id01338,0.976248,0.00812717,0.0156244
id19008,0.0604877,0.823623,0.11589
id19632,0.245683,0.4501,0.304217
id26224,0.0268615,0.366971,0.606167
id08219,0.891768,0.00609177,0.102141
id24008,0.00112429,0.00238934,0.996486
id12475,0.26141,0.666004,0.0725861
id05766,0.0221596,0.00266615,0.975174
id27386,1.12427e-05,0.999964,2.43013e-05
id12476,0.000311212,0.999484,0.000205145
id08311,0.900035,0.0917964,0.00816855
id04996,0.225105,0.774547,0.000347914
id17350,0.0698991,0.923384,0.00671718
id05546,0.0135417,0.98309,0.00336795
id16504,0.175048,0.818631,0.0063211
id05782,1.70805e-05,1.83404e-05,0.999965
id20560,0.905343,0.0150836,0.0795737
id14171,0.0350779,0.0282313,0.936691
id27461,0.243634,0.0127097,0.743656
id03581,0.16389,0.00876049,0.82735
id21847,0.0394932,0.00606124,0.954445
id11712,0.864188,0.0161849,0.119627
id26738,0.0013694,0.00222647,0.996404
id13668,0.979052,0.0166354,0.0043122
id15114,0.973487,0.0130039,0.0135091
id20130,0.548193,0.0257513,0.426055
id18331,0.431893,0.00987196,0.558235
id24465,0.998757,0.00049255,0.000749964
id13539,0.768574,0.11618,0.115246
id27564,0.00910726,0.958915,0.0319782
id26043,0.00897069,0.000338457,0.990691
id04965,5.44482e-07,1.89025e-06,0.999998
id08645,0.051691,0.0356909,0.912618
id26610,0.523421,0.0167741,0.459805
id21737,0.264053,0.693895,0.0420517
id25784,0.00116125,0.993425,0.00541328
id23030,0.856026,0.0583715,0.0856029
id16450,0.000184213,0.999109,0.000706368
id02161,0.659401,0.00632557,0.334273
id25535,0.99027,0.00445042,0.00527977
id16566,0.70931,0.00298396,0.287706
id05714,0.996711,0.00254004,0.000748868
id16524,0.887682,0.0800725,0.0322457
id23941,0.00843884,0.813477,0.178084
id00831,0.0283059,0.0721608,0.899533
id18145,0.524264,0.032057,0.443679
id17227,0.991949,0.000299672,0.00775176
id09417,0.822995,0.0265687,0.150436
id21307,0.955672,0.0299884,0.0143394
id05650,0.014704,0.98141,0.00388644
id23901,0.937045,0.0468579,0.0160974
id05831,0.988878,0.00844346,0.00267863
id16708,0.163033,0.830716,0.00625064
id02281,0.0115212,0.123789,0.86469
id11599,0.47731,0.0627205,0.459969
id18353,0.00158978,0.996547,0.00186306
id07413,0.720483,0.209793,0.0697244
id15653,0.000311771,0.999575,0.000113603
id09715,0.0014889,0.00153406,0.996977
id05108,0.218656,0.76965,0.0116939
id09537,0.437684,0.0397779,0.522538
id27596,0.997493,0.00197267,0.000534071
id24255,0.0418463,0.00170985,0.956444
id05080,0.000119391,2.37381e-05,0.999857
id09484,0.989757,0.00250447,0.00773824
id14864,0.00340487,0.000101512,0.996494
id26836,0.87861,0.0786603,0.04273
id07003,0.869796,0.100504,0.0297
id13750,7.18626e-07,0.999998,9.26737e-07
id21799,0.146635,0.151678,0.701687
id11285,0.999969,2.3057e-05,8.13735e-06
id04735,0.917474,0.0435489,0.0389772
id23049,0.000554613,0.0169538,0.982492
id05826,0.345643,0.45662,0.197738
id17916,0.33266,0.601199,0.0661409
id14081,0.195575,0.00251136,0.801914
id10527,0.0255637,0.00101312,0.973423
id16059,0.0191774,0.960316,0.0205066
id25542,0.977724,0.0207569,0.00151909
id05402,2.51469e-05,0.000106652,0.999868
id01927,0.631144,0.0234987,0.345357
id27656,0.177708,0.164516,0.657775
id06708,0.181394,0.677415,0.141191
id03524,0.738313,0.0973032,0.164384
id12297,0.881249,0.0561361,0.0626149
id03439,0.978716,0.0158214,0.00546208
id04587,0.00087117,0.997484,0.00164515
id25470,0.10266,0.888786,0.00855399
id01212,0.325397,0.621628,0.0529749
id13932,0.771462,0.113338,0.1152
id00124,0.00556064,0.000733599,0.993706
id01592,0.956669,0.0156816,0.0276494
id13461,0.33796,0.241814,0.420226
id24681,0.032882,0.855651,0.111466
id23245,0.0541856,0.00685043,0.938964
id14073,0.208826,0.294737,0.496438
id05172,0.937494,0.00841934,0.0540867
id21979,0.729019,0.00833258,0.262648
id00328,0.590295,0.00129665,0.408408
id26102,0.988308,0.00303333,0.00865924
id14867,0.393879,0.0142726,0.591849
id27544,0.0215004,0.975207,0.00329298
id16228,0.924993,0.00888413,0.0661233
id16342,0.740268,0.238108,0.0216247
id24933,0.998632,0.00068286,0.000685173
id04601,0.609593,0.0991647,0.291242
id01599,0.0104643,0.971514,0.0180214
id06238,0.920092,0.0768974,0.00301095
id06826,0.191291,0.342075,0.466635
id23307,0.821605,0.145899,0.0324956
id13575,0.984279,0.0110901,0.00463034
id24174,0.672693,0.0112694,0.316038
id19534,0.00692761,0.0147768,0.978296
id19602,0.00371963,0.00106744,0.995213
id26962,0.0046425,0.989135,0.00622231
id04448,0.0148406,0.985031,0.000128676
id09786,0.219234,0.72031,0.060456
id25240,0.654996,0.248066,0.096938
id14893,0.872767,0.115663,0.0115699
id24221,0.941136,0.0575075,0.00135643
id04696,0.732903,0.005681,0.261416
id15153,0.0796446,0.512603,0.407752
id13882,5.86804e-05,0.999714,0.000227234
id17836,0.586083,0.380168,0.0337492
id00574,0.0196898,0.96048,0.0198298
id02078,0.00114354,0.995396,0.00346025
id21206,0.156843,0.772288,0.0708687
id20084,0.89404,0.0226783,0.0832812
id26598,0.0459242,0.00285219,0.951224
id06838,0.25242,0.00189178,0.745689
id08786,0.00745846,0.0133393,0.979202
id09550,0.0933095,0.0251247,0.881566
id10206,0.946633,0.00430205,0.0490649
id21113,0.896299,0.0121882,0.091513
id21151,0.38035,0.591522,0.0281287
id02692,0.981793,0.0124162,0.00579081
id26446,0.953335,0.0281876,0.0184779
id07377,0.71042,0.284684,0.00489613
id15998,0.843174,0.103898,0.0529272
id19637,0.988328,0.00147201,0.0102002
id19735,0.0239526,0.960677,0.0153707
id13739,0.0522362,0.0278371,0.919927
id25175,0.916729,0.0330275,0.0502437
id00563,0.0755215,0.0511462,0.873332
id09982,0.988714,0.00407629,0.00721023
id15459,1.04756e-05,0.999985,4.40563e-06
id20785,0.000922606,0.000980669,0.998097
id07145,0.00198878,0.108078,0.889934
id22204,0.183233,0.793144,0.0236234
id09285,0.966288,0.00663662,0.0270751
id18157,5.54783e-06,8.79631e-06,0.999986
id12134,0.0180597,0.0106805,0.97126
id23914,0.987921,0.00595153,0.00612749
id10483,0.980226,0.019297,0.000477216
id07092,0.996899,0.00186766,0.00123352
id14786,0.300824,0.374675,0.324501
id25741,0.708434,0.00508578,0.28648
id09050,0.0309989,0.96545,0.00355118
id04938,0.848078,0.0888758,0.0630464
id05901,0.679941,0.118323,0.201736
id16975,0.0407683,0.951204,0.00802741
id08547,0.0109917,0.00129514,0.987713
id16355,0.969138,0.00249552,0.0283666
id14568,0.802012,0.0100588,0.18793
id25599,0.0248058,0.453192,0.522002
id01670,0.000672095,0.998846,0.000482234
id23945,0.0394508,0.95758,0.00296954
id17394,0.140651,0.00594322,0.853405
id06501,0.15463,0.697124,0.148245
id26234,0.0828447,0.83696,0.0801957
id21280,0.0465024,0.00152853,0.951969
id20048,0.00914803,0.133962,0.85689
id01216,0.169011,0.260242,0.570747
id25320,0.978773,0.00651323,0.0147138
id22833,0.0220369,0.0838761,0.894087
id22056,0.149339,0.810335,0.0403257
id02275,0.00211791,0.996152,0.00173016
id26127,0.313097,0.00286417,0.684038
id17011,0.0258202,0.969156,0.00502417
id13847,0.998363,0.000599051,0.00103824
id00013,0.0102945,0.988092,0.00161391
id16463,0.943893,0.0517699,0.00433738
id04845,0.227714,0.611687,0.160599
id01787,0.0180621,0.0671031,0.914835
id08637,0.852351,0.0784117,0.0692377
id11414,0.0419919,0.00722488,0.950783
id13177,0.352482,0.208723,0.438795
id24517,0.947255,0.0489484,0.00379714
id26838,0.848896,0.0389965,0.112107
id23081,0.00101255,0.99836,0.000627654
id16327,0.0210183,0.976817,0.0021642
id27282,0.101864,0.871149,0.026987
id07489,0.754876,0.02086,0.224264
id01718,0.00862219,0.00283896,0.988539
id15441,0.918754,0.0467023,0.0345436
id27736,0.0131209,0.930398,0.0564807
id16324,0.00422121,0.0422283,0.953551
id12027,0.127893,0.22041,0.651697
id24653,0.0333614,0.964335,0.00230348
id17541,0.246281,0.0579623,0.695756
id22406,0.0448762,0.276061,0.679063
id18356,0.769838,0.191831,0.0383314
id04505,0.916621,0.017105,0.0662743
id04246,0.400597,0.163063,0.43634
id07368,0.265826,0.151487,0.582687
id26185,0.0255073,0.0148576,0.959635
id08878,0.0543194,0.121187,0.824494
id27691,0.00925959,0.00073096,0.990009
id18004,0.777193,0.0448826,0.177924
id24426,0.479413,0.0638438,0.456743
id14164,0.975357,0.0159845,0.00865836
id12653,0.015117,0.959739,0.0251439
id18060,0.753969,0.00970847,0.236323
id18556,0.488493,0.0699142,0.441593
id27371,0.0130283,0.0157336,0.971238
id11989,0.292658,0.473815,0.233527
id26095,0.939542,0.0486602,0.0117977
id24978,0.148845,0.203215,0.647941
id20322,0.803019,0.0075033,0.189478
id01954,0.939666,0.0532554,0.00707868
id07434,0.431555,0.232494,0.33595
id18144,0.0369764,0.0217892,0.941234
id16250,0.0733984,0.907268,0.0193332
id17793,0.015262,0.0560888,0.928649
id24067,0.00668521,0.00235951,0.990955
id13891,0.0350841,0.000248185,0.964668
id07334,0.0660179,0.796475,0.137507
id15633,0.00366997,0.980796,0.0155342
id23239,0.954508,0.00515938,0.0403327
id10674,0.255623,0.178273,0.566104
id22093,0.403904,0.486543,0.109552
id08444,0.238199,0.337793,0.424007
id03257,0.236335,0.195154,0.568511
id10040,0.190664,0.741754,0.067582
id04902,0.000339018,0.000109629,0.999551
id01219,0.885084,0.0914876,0.0234289
id01340,0.996854,0.00171356,0.00143203
id05117,0.00238924,0.996703,0.000907974
id04908,0.0703796,0.0146099,0.91501
id03626,0.0490424,0.00573829,0.945219
id01888,0.969601,0.0254347,0.0049641
id17199,0.146331,0.00332552,0.850343
id11200,0.0386346,0.959377,0.00198839
id27561,0.376913,0.00637287,0.616714
id20966,0.0262429,0.967607,0.00615016
id10257,0.00627277,0.992558,0.00116972
id21168,0.00888499,0.743462,0.247653
id23363,0.0916453,0.00129858,0.907056
id05321,0.815816,0.0360433,0.148141
id09928,0.000813906,0.000484675,0.998701
id18015,0.816713,0.172478,0.01081
id02082,9.44378e-05,0.999836,6.97627e-05
id19279,0.686794,0.178357,0.134848
id08541,0.480694,0.384271,0.135035
id15249,0.11055,0.855526,0.0339236
id03609,0.0573337,0.862738,0.079928
id22902,0.48781,0.0984759,0.413714
id17733,0.973494,0.0231756,0.00333071
id07554,0.0478089,0.0895457,0.862645
id14120,0.860606,0.0188325,0.120561
id21802,0.0361438,0.867635,0.0962211
id15614,0.0794321,0.906425,0.0141432
id19437,0.00651554,0.0082802,0.985204
id22698,0.876216,0.121662,0.00212198
id21841,0.000357492,0.999527,0.000115856
id16177,0.684098,0.314314,0.00158849
id15887,0.0325722,0.286203,0.681225
id22629,0.727834,0.0366263,0.23554
id10346,0.994387,0.00180002,0.00381349
id05154,0.974607,0.00376386,0.0216289
id22913,0.524797,0.467692,0.00751106
id10544,0.0815608,0.285877,0.632562
id08703,0.098115,0.894611,0.00727417
id12817,0.738474,0.0449219,0.216604
id25433,0.983575,0.00920485,0.00722006
id25112,0.0468688,0.0032361,0.949895
id05054,0.0709772,0.751894,0.177129
id02311,0.150263,0.806934,0.0428027
id22160,0.195383,0.738438,0.0661791
id17422,0.984654,0.0120266,0.00331901
id18985,0.798328,0.0708954,0.130777
id21905,0.175629,0.00682981,0.817542
id17474,0.946328,0.0437779,0.00989448
id15236,0.00291874,0.975023,0.0220579
id13964,0.882236,0.0399583,0.077806
id15962,3.25349e-05,0.999943,2.40909e-05
id20866,0.0282109,0.0174483,0.954341
id06625,0.0169499,0.0500873,0.932963
id09793,0.710259,0.0256751,0.264066
id17365,0.00966122,0.973558,0.0167805
id18463,0.0847845,0.851291,0.0639245
id20693,0.0581807,0.827841,0.113978
id08785,0.00243624,0.996633,0.000931027
id06783,0.0756456,0.904531,0.0198238
id23178,0.123674,0.0160189,0.860307
id13513,0.00743748,0.990321,0.00224203
id25361,0.00472187,0.00216241,0.993116
id22319,0.786787,0.0874392,0.125774
id14024,0.341759,0.0261463,0.632095
id24186,0.154163,0.820144,0.0256935
id20965,0.998964,0.000320862,0.000715498
id06242,0.0315493,0.00913779,0.959313
id25665,0.0106371,0.0595219,0.929841
id09706,0.670145,0.171702,0.158153
id11026,0.00034646,0.999368,0.00028562
id04223,0.920687,0.015994,0.0633194
id19674,0.0164033,0.966398,0.017199
id23420,0.0329818,0.214282,0.752736
id18059,0.00379543,0.995578,0.000626093
id22576,0.982736,0.00919265,0.00807107
id18495,0.000288373,0.998836,0.000875231
id14139,0.994004,0.00340373,0.00259201
id18313,0.00506164,0.993248,0.0016901
id27356,0.945508,0.0322138,0.0222787
id16035,0.541343,0.0608818,0.397776
id04182,0.537331,0.27883,0.183839
id15667,0.956943,0.0267958,0.0162609
id08713,0.980273,0.00997976,0.00974716
id25563,0.00430041,0.994161,0.00153864
id17023,0.999457,0.000443201,9.96065e-05
id03014,0.000698991,0.96942,0.0298814
id23812,0.00331633,0.99652,0.000163802
id20057,0.0637801,0.213343,0.722876
id12385,0.822313,0.0715677,0.106119
id24416,0.769866,0.223747,0.00638672
id15672,0.00606843,0.939771,0.0541606
id13868,0.501054,0.476974,0.0219718
id21095,0.0621467,0.0409293,0.896924
id05305,0.537382,0.185368,0.277249
id15384,0.157088,0.413127,0.429785
id14049,0.00339803,0.000132963,0.996469
id23441,0.883208,0.100086,0.016706
id12856,0.706622,0.020162,0.273216
id16055,0.0214291,0.0351152,0.943456
id24771,0.812892,0.117649,0.0694595
id14053,0.946201,0.0190051,0.0347941
id19547,0.0116534,0.0857546,0.902592
id03639,0.30981,0.499766,0.190425
id14546,0.706306,0.189616,0.104078
id13935,0.908359,0.0571631,0.0344783
id20335,0.300622,0.650825,0.0485526
id07301,0.194103,0.334651,0.471246
id10186,0.93419,0.00684022,0.0589694
id00192,0.664276,0.236885,0.0988391
id17851,0.977656,0.00956657,0.0127778
id08403,0.183106,0.764537,0.0523571
id06183,0.547375,0.182836,0.269789
id24738,0.226736,0.631299,0.141964
id15112,0.972768,0.000690929,0.0265415
id19819,0.00335655,0.00149491,0.995149
id17722,0.00270625,0.00176499,0.995529
id24273,0.000382524,0.992479,0.00713859
id18939,0.0333524,0.0367306,0.929917
id16076,0.758913,0.226416,0.0146705
id23158,0.0432691,0.0292291,0.927502
id12745,0.956042,0.0104786,0.0334793
id22538,0.313178,0.386883,0.299939
id14975,0.196282,0.770143,0.0335745
id27537,0.853797,0.052339,0.0938636
id06632,0.0914013,0.00289145,0.905707
id08100,0.233185,0.75273,0.0140858
id00843,0.996242,0.00124911,0.00250933
id22159,0.076038,0.013173,0.910789
id18672,0.835256,0.00131302,0.163431
id06916,0.42227,0.551491,0.0262386
id22212,0.128911,0.0315399,0.83955
id00273,0.109048,0.0355309,0.855421
id26325,0.513855,0.386478,0.0996664
id23683,0.0391454,0.949188,0.0116664
id14419,0.00629147,0.968478,0.0252305
id11931,3.6581e-05,0.999958,5.35325e-06
id00568,0.020861,0.968895,0.0102441
id12271,0.879751,0.0399287,0.0803204
id12622,0.635181,0.36278,0.00203882
id03156,0.299175,0.380168,0.320657
id25592,0.891341,0.105847,0.00281197
id24367,0.951596,0.015366,0.0330381
id16007,0.258277,0.0733258,0.668397
id04785,0.799314,0.0330547,0.167631
id07888,0.219832,0.448943,0.331225
id13557,0.5025,0.364893,0.132607
id20726,0.940568,0.00381289,0.0556193
id09580,0.959809,0.00271133,0.0374793
id05173,0.00272887,0.997039,0.00023194
id10394,0.00014601,0.999584,0.000270239
id03926,0.0992928,0.658923,0.241784
id07264,0.989041,0.000346501,0.0106123
id01862,0.0656893,0.885204,0.0491065
id20808,0.0192852,0.97972,0.000994652
id26658,0.922933,0.0072732,0.069794
