id,EAP,HPL,MWS
id02310,0.0178929,0.0140633,0.968044
id24541,0.886294,0.10303,0.0106762
id00134,0.102239,0.890511,0.00724963
id27757,0.83529,0.147195,0.0175149
id04081,0.956241,0.00831381,0.0354452
id27337,0.472906,0.492285,0.0348086
id24265,0.99376,0.00575973,0.000480353
id25917,0.0188894,0.545999,0.435112
id04951,0.980406,0.0194668,0.000127419
id14549,0.973802,0.00156371,0.0246346
id22505,0.0361988,0.475035,0.488766
id24002,0.00497766,0.990129,0.00489336
id18982,0.0499241,0.734887,0.215189
id15181,0.00232511,0.997535,0.000139697
id21888,0.983628,0.0112518,0.00511979
id12035,0.00942872,0.000125219,0.990446
id17991,0.0869882,0.0117719,0.90124
id10707,0.999898,9.97011e-05,2.53366e-06
id07101,0.539901,0.100465,0.359633
id00345,0.915578,0.0791433,0.00527872
id05912,0.945824,0.00445275,0.0497231
id13443,0.298013,0.386236,0.315751
id09248,0.917575,0.00969016,0.0727349
id17542,0.0225055,0.974178,0.00331697
id06995,0.104738,0.0233085,0.871953
id25159,0.52084,0.00437033,0.47479
id25729,0.68967,0.178474,0.131856
id26949,0.997035,0.00272883,0.000235875
id27191,0.202527,0.0115617,0.785911
id07668,0.302881,0.0300944,0.667024
id02230,0.0357864,0.076314,0.8879
id15553,0.998742,0.000473059,0.000785059
id25688,0.000143516,0.998763,0.0010931
id17545,0.982657,0.016957,0.000386096
id13929,0.861971,0.0742547,0.0637745
id12880,0.314046,0.445042,0.240911
id19282,0.440991,0.348313,0.210696
id14690,0.000365655,0.000402932,0.999231
id17975,0.0154904,0.964965,0.0195446
id08037,0.962317,0.00354484,0.034138
id15412,0.206149,0.00285642,0.790995
id25032,0.510668,0.0265821,0.462749
id27165,0.999746,0.000223685,3.06809e-05
id03327,0.991028,0.00683231,0.00213994
id18515,0.995822,0.00251729,0.0016604
id21003,0.281719,0.00557125,0.71271
id23855,0.00462617,0.916767,0.0786064
id20724,0.834723,0.0429108,0.122366
id13303,0.74684,0.0239097,0.22925
id16521,0.00692199,0.144003,0.849075
id20775,0.989469,0.00806643,0.00246472
id13029,0.849026,0.097591,0.0533828
id14660,0.658879,0.25837,0.0827515
id11028,0.00261545,1.96964e-05,0.997365
id14180,0.989288,0.0103423,0.000369803
id25860,0.988695,0.0105705,0.000734048
id11910,0.180815,0.00580615,0.813379
id08065,0.0620729,0.0536554,0.884272
id22674,0.193164,0.19264,0.614197
id25018,0.658529,0.00769961,0.333771
id10892,0.341641,0.647529,0.0108294
id10217,0.382859,0.605622,0.0115193
id12996,0.0644776,0.0233173,0.912205
id18262,0.45991,0.312362,0.227728
id08606,0.00960277,0.974701,0.015696
id17233,0.933709,0.00560201,0.0606887
id00101,0.924613,0.0545784,0.0208086
id12225,0.968074,0.0197322,0.0121941
id01364,0.0843487,0.912019,0.00363266
id24973,0.288498,0.00268346,0.708818
id25363,0.443183,0.0321238,0.524693
id10061,0.309916,0.0952747,0.594809
id17673,0.333647,0.385484,0.280868
id13249,0.086084,0.0175318,0.896384
id10107,0.0416699,0.0038594,0.954471
id04403,0.987368,0.00376059,0.00887125
id25728,0.983957,0.0057551,0.0102876
id16184,0.172101,0.047505,0.780394
id03438,0.011221,6.2236e-05,0.988717
id22923,0.00659387,0.992904,0.000501591
id08610,0.996934,0.000613365,0.00245233
id25355,0.027168,0.0440302,0.928802
id16916,0.781459,0.21276,0.00578101
id12793,0.0653195,0.925378,0.00930232
id11859,0.507309,0.00165983,0.491031
id02434,0.998755,0.000891569,0.000353752
id27703,0.00414413,0.00083548,0.99502
id25212,0.194083,0.751449,0.0544681
id11308,0.0361682,0.149666,0.814165
id26094,0.945794,0.0230417,0.0311644
id22080,0.967214,0.0325334,0.000252466
id03545,0.959592,0.0391033,0.00130435
id23725,0.0179724,0.0174363,0.964591
id12009,0.972792,0.0133409,0.0138677
id24241,0.817263,0.126726,0.0560108
id03596,0.138591,0.852053,0.00935548
id10749,0.123851,0.776507,0.0996421
id22794,0.00344555,0.00737408,0.98918
id15482,0.155539,0.38718,0.457281
id04833,0.921272,0.0736003,0.0051274
id00397,0.179932,0.0135391,0.806529
id14691,0.228387,0.118367,0.653246
id05193,0.00132664,0.000239786,0.998434
id19541,0.985232,0.0111627,0.00360511
id22166,0.00123651,0.00147396,0.99729
id20744,0.0130306,0.000189997,0.986779
id10392,0.00870624,0.0118252,0.979469
id00770,0.993433,0.00327618,0.0032908
id06018,0.854509,0.135578,0.00991256
id15678,0.717702,0.0118207,0.270477
id08305,0.983323,0.0130734,0.00360401
id08903,0.622097,0.00106747,0.376836
id14752,0.63871,0.331424,0.0298661
id12468,0.0344995,0.964509,0.000991139
id05085,0.737703,0.253955,0.00834142
id21993,0.384194,0.0112696,0.604537
id15503,0.962147,0.0376782,0.000174656
id03021,0.00664731,0.983658,0.0096948
id16123,0.999651,0.000294567,5.40165e-05
id19383,0.990289,0.00866695,0.00104355
id04186,0.993485,0.00150713,0.00500827
id17954,0.0143381,0.0191792,0.966483
id12030,0.211529,0.000339075,0.788132
id13020,0.879151,0.111564,0.00928499
id25327,0.0258714,0.959337,0.0147917
id16344,0.00336365,0.0610784,0.935558
id12303,0.252065,0.735007,0.0129277
id15017,0.974662,0.0188911,0.0064472
id22308,0.128883,0.0156432,0.855474
id06536,0.0328996,0.142549,0.824552
id19797,0.059581,0.805095,0.135324
id06332,0.694202,0.0256552,0.280143
id22941,0.166982,0.0548631,0.778155
id13547,0.00238584,0.042933,0.954681
id06928,0.00508713,4.73956e-05,0.994865
id12521,0.354212,0.61134,0.0344488
id25716,0.693028,0.000402007,0.30657
id27116,7.44397e-08,2.82426e-08,1.0
id19941,0.070169,0.918064,0.0117674
id05711,0.000124284,0.000571187,0.999305
id02097,0.000775475,0.0250893,0.974135
id03563,0.0122209,0.981034,0.00674535
id02295,0.403928,0.52968,0.0663918
id08179,0.949054,0.0256873,0.0252587
id05332,0.000687209,0.989915,0.00939744
id15697,0.763446,0.140197,0.096357
id17026,0.586898,0.0238997,0.389202
id04243,0.514142,0.48157,0.00428754
id13175,0.991653,0.0053544,0.00299246
id05387,0.895445,0.028833,0.0757225
id19989,0.823806,0.139439,0.0367548
id25173,0.129326,0.0572566,0.813417
id08925,0.339819,0.658849,0.00133151
id03034,0.0028696,0.9893,0.00783004
id13272,0.000248074,0.996452,0.00330001
id07956,0.977147,0.00264337,0.0202096
id02648,0.00066039,0.00446888,0.994871
id01778,0.133281,0.00143056,0.865288
id12846,0.0029426,0.00155112,0.995506
id19001,0.475748,0.0053255,0.518926
id05763,0.662181,0.00383318,0.333986
id15590,6.41677e-05,1.70139e-05,0.999919
id04912,0.844997,0.0863395,0.0686636
id21201,0.919042,0.0350694,0.0458882
id13215,0.999811,7.88753e-06,0.000181634
id15612,0.0029331,0.995437,0.00162949
id18501,0.131369,0.0161906,0.852441
id07223,0.942189,0.0212664,0.0365449
id06707,0.0682149,0.40848,0.523305
id05238,0.00153704,0.997879,0.00058406
id00935,0.0204003,0.188474,0.791126
id00110,0.223763,0.238099,0.538139
id17476,0.949773,0.0478357,0.0023911
id15170,0.973066,0.0209936,0.00594047
id13397,0.154443,0.051031,0.794526
id24283,0.902206,0.0709113,0.0268825
id15234,0.998558,0.0013584,8.40048e-05
id16884,0.270657,0.69358,0.0357634
id07831,0.0413589,0.908701,0.0499396
id16038,0.994261,0.00553854,0.000200554
id03629,0.989015,0.00633311,0.00465145
id21019,0.871645,0.0871378,0.0412168
id21835,0.928184,0.0200939,0.0517218
id04480,0.0454057,0.954479,0.000115069
id20838,0.65135,0.336619,0.0120315
id24195,0.920855,0.0192993,0.0598457
id05448,0.878186,0.0999838,0.0218298
id15957,0.00673016,0.98769,0.00558008
id19956,0.00302085,8.39188e-05,0.996895
id15104,0.00710612,0.0414608,0.951433
id17559,0.962858,0.0226573,0.0144842
id16839,0.283889,0.107601,0.60851
id14493,0.88752,0.00209783,0.110382
id08833,0.693678,0.0082428,0.29808
id15723,0.0240054,0.011107,0.964888
id02716,0.989148,0.0079458,0.00290666
id06689,0.0429393,0.946682,0.010379
id18837,0.116678,0.016022,0.8673
id04466,0.987534,0.00890227,0.00356351
id00686,0.698958,0.0740748,0.226967
id09010,0.13584,0.859295,0.00486543
id23353,0.999566,6.62467e-05,0.000367927
id00066,0.948123,0.0506069,0.00127001
id15724,0.0750105,0.920651,0.00433836
id23486,0.0577931,0.00106665,0.94114
id22258,0.000650887,0.000943054,0.998406
id02292,0.681349,0.121489,0.197163
id16356,0.421269,0.0382897,0.540441
id00235,0.693958,0.0708764,0.235166
id25522,0.128604,0.0134992,0.857897
id04204,0.100327,0.895352,0.00432111
id22016,0.807042,0.0402576,0.1527
id06480,0.0219802,0.959363,0.0186564
id08718,0.00288762,3.5428e-05,0.997077
id05251,0.00586587,0.989491,0.0046435
id03359,0.854213,0.126126,0.0196606
id16117,0.0118476,0.00142706,0.986725
id17000,0.000428398,0.999066,0.000505517
id01730,0.102338,0.894436,0.00322636
id00630,0.98754,0.0103012,0.00215919
id18175,0.0892034,0.00620884,0.904588
id00907,0.982142,0.00616602,0.0116915
id18251,0.0012368,0.997953,0.000810455
id25861,0.538343,0.441689,0.019968
id00398,0.344892,0.628773,0.0263351
id27573,0.993916,0.000707965,0.00537649
id10022,0.0160368,0.967527,0.0164357
id15901,0.245593,0.0015436,0.752864
id00451,0.057998,0.0291338,0.912868
id23129,0.0270696,0.942256,0.0306747
id26498,0.415147,0.387911,0.196941
id14741,0.982822,0.0105206,0.00665747
id18453,0.047637,0.00868795,0.943675
id08309,0.95458,0.0439699,0.00145013
id00320,0.993138,0.0048068,0.00205534
id07688,0.0896776,0.015319,0.895003
id01556,0.00545073,0.000170512,0.994379
id00178,0.276676,0.346078,0.377246
id18902,0.0170838,0.0614215,0.921495
id27002,0.515448,0.471522,0.0130292
id21418,0.999737,0.000238509,2.43646e-05
id23018,0.406364,0.0913695,0.502266
id07032,0.482726,0.113178,0.404097
id16195,0.587427,0.0560335,0.356539
id11202,0.0128996,0.908362,0.078738
id09578,0.920366,0.0187917,0.0608425
id26984,0.97582,0.0010182,0.0231614
id19856,0.00698972,0.992719,0.000291173
id12086,0.604973,0.0142973,0.38073
id12052,0.00103474,0.000390191,0.998575
id17728,0.00134031,0.00341242,0.995247
id24608,0.882917,0.0376311,0.0794517
id21097,0.809996,0.0650934,0.124911
id20179,0.000633598,0.00447272,0.994894
id15144,0.840838,0.113522,0.0456406
id00206,0.995539,0.003925,0.000536233
id22285,0.0168784,0.00408632,0.979035
id06417,0.0787074,0.762952,0.15834
id00215,0.00832857,0.990881,0.000790653
id04201,0.0612328,0.0267569,0.91201
id21771,0.991185,0.00263705,0.00617791
id12451,0.249972,0.366619,0.383409
id14250,0.0139574,0.834414,0.151629
id03433,0.404192,0.352157,0.24365
id03303,0.0492448,0.00764243,0.943113
id25901,0.314584,0.4146,0.270817
id06945,0.938756,0.00748724,0.0537563
id05664,0.835135,0.153188,0.0116775
id05741,0.983384,0.0105306,0.00608505
id10652,0.989766,0.00613523,0.00409921
id16300,0.914314,0.0497029,0.035983
id12319,0.36885,0.0870847,0.544066
id07500,0.0273525,0.970314,0.00233328
id12478,0.167344,0.0916365,0.74102
id03076,0.0442618,0.000354628,0.955384
id00969,0.582911,0.308366,0.108723
id23636,0.00484384,0.994726,0.000430529
id09791,0.0635734,0.149368,0.787059
id05680,0.0402822,0.784285,0.175432
id03672,0.0100306,0.85521,0.134759
id04286,0.012797,0.968505,0.0186983
id23883,0.0380313,0.204673,0.757296
id11914,0.119747,0.00259043,0.877663
id20974,0.0180265,0.97931,0.00266308
id26125,0.204512,0.0251182,0.770369
id15543,0.168901,0.000612501,0.830487
id19471,0.998629,0.000758142,0.000613378
id11503,0.944723,0.043022,0.0122547
id09321,0.00224295,0.560577,0.43718
id25560,0.000204203,0.000735534,0.99906
id06726,0.058976,0.0883409,0.852683
id05709,0.870063,0.000630567,0.129307
id09788,0.0883643,0.438133,0.473503
id05289,0.98736,0.0121286,0.000510934
id11815,0.000115141,0.999851,3.34807e-05
id22422,0.65934,0.143151,0.197509
id25954,0.848616,0.0517087,0.099675
id13601,0.654533,0.206735,0.138732
id05677,0.980872,0.011829,0.00729884
id10498,0.0365711,0.96195,0.0014791
id02665,0.894105,0.0888828,0.0170123
id10114,0.124162,0.776918,0.0989196
id26314,0.929991,0.00497872,0.0650305
id21240,0.569333,0.255423,0.175244
id15569,0.981263,0.0135168,0.00522079
id25928,0.205704,0.0517638,0.742532
id22706,0.0147917,0.984825,0.000383434
id20877,0.000860816,0.980293,0.0188464
id04318,0.989676,0.0060136,0.00431078
id18299,0.308351,0.30688,0.384769
id08126,0.0205721,0.00699103,0.972437
id14293,0.238213,0.00685361,0.754933
id12759,0.986597,0.00266036,0.0107431
id11983,0.889997,0.049561,0.0604415
id05580,0.0599098,0.835635,0.104455
id25846,0.31087,0.634125,0.0550052
id01939,0.0444436,0.00627514,0.949281
id26327,0.112539,0.104695,0.782766
id11068,0.000590016,1.71403e-06,0.999408
id08404,0.970136,0.003912,0.0259517
id27189,0.84589,0.143987,0.010123
id15119,0.0134715,0.862611,0.123918
id26525,0.999282,0.000119481,0.000598899
id03618,0.875146,0.109658,0.0151967
id27220,0.999183,0.000298832,0.000518249
id18777,0.0076286,0.000206964,0.992164
id20213,0.982909,0.0104837,0.00660709
id20403,0.956839,0.029712,0.0134491
id03777,0.574779,0.0584372,0.366784
id10595,0.271263,0.636924,0.0918131
id13816,0.381442,0.0133376,0.60522
id05667,0.0876913,0.00190415,0.910405
id24629,0.977435,0.00671101,0.0158537
id20398,0.236603,0.0810596,0.682337
id14108,0.000827428,7.44678e-05,0.999098
id06196,0.00997004,0.976731,0.0132993
id02800,0.225351,0.754771,0.0198787
id18732,0.000431953,0.998099,0.0014693
id11915,0.00300295,0.963046,0.033951
id09739,0.895804,0.082313,0.0218835
id24672,0.874675,0.0681437,0.0571814
id00414,0.0171208,0.225617,0.757262
id16307,0.786358,0.191532,0.0221091
id14043,0.0108321,0.000967076,0.988201
id00517,8.8026e-05,0.00180272,0.998109
id09744,0.875513,0.121335,0.00315245
id19257,0.992371,0.00444627,0.00318288
id15437,0.615606,0.36045,0.0239442
id16352,0.0193605,0.000911537,0.979728
id18849,0.223523,0.001934,0.774543
id19434,3.67513e-05,0.999938,2.52914e-05
id17928,0.0498564,0.016411,0.933733
id16896,0.00752414,0.00160961,0.990866
id02135,0.174116,0.653288,0.172596
id15075,0.980889,0.0110882,0.00802244
id27486,0.0346447,0.958728,0.00662717
id19422,0.995768,0.00325842,0.000973896
id09603,0.218598,0.733221,0.0481803
id02133,0.141967,0.842892,0.0151414
id03441,0.670906,0.00635712,0.322737
id02398,0.0105752,0.988393,0.00103196
id05152,0.0277586,0.0124938,0.959748
id17838,0.894231,0.0162812,0.0894879
id25060,0.601338,0.396962,0.00169957
id09998,0.0580603,0.0596594,0.88228
id01828,0.0495351,0.791377,0.159088
id25377,0.605559,0.20171,0.192732
id22175,0.0153183,0.972264,0.0124176
id02974,0.0885643,0.0754925,0.835943
id26955,0.998413,0.00156857,1.85116e-05
id21091,0.928808,0.0192204,0.0519713
id12802,0.990566,0.00377193,0.00566171
id07432,0.00531695,0.974864,0.0198187
id18749,0.0402006,0.753431,0.206368
id15030,0.00031432,0.00591648,0.993769
id17155,0.0408972,0.937191,0.0219116
id08128,0.00554452,0.922091,0.0723649
id25706,0.00252821,0.98179,0.0156823
id15645,0.995141,0.00413277,0.000726002
id04943,0.87049,0.0956466,0.0338637
id27566,0.0351689,0.0125764,0.952255
id11765,0.130556,0.107853,0.761591
id13783,0.845983,0.107281,0.0467358
id00492,0.000798982,0.000774976,0.998426
id27636,0.142365,0.122018,0.735617
id04273,0.932565,0.0373,0.0301353
id02537,0.404308,0.0284489,0.567243
id24349,0.360978,0.638458,0.000563951
id00023,0.000328124,0.998826,0.000846166
id23025,0.0305859,0.963277,0.00613704
id08722,0.971311,0.00262788,0.0260615
id02420,0.995482,0.00406539,0.000452827
id10811,0.970277,0.00636631,0.0233568
id04019,0.0300033,0.0183645,0.951632
id18334,0.998056,0.00181817,0.000125849
id16781,0.683967,0.271548,0.0444846
id08773,0.821618,0.161563,0.0168194
id19214,0.98373,0.00459561,0.0116749
id09589,3.73132e-07,0.998492,0.00150755
id24246,0.90727,0.0859867,0.00674344
id23577,0.989533,0.0104185,4.86527e-05
id09305,0.871607,0.0409112,0.0874821
id16460,0.755283,0.0664481,0.178269
id21115,0.870341,0.117148,0.0125112
id25996,0.456788,0.151802,0.391409
id02551,0.0022048,0.00246048,0.995335
id19352,0.0048834,0.0055256,0.989591
id03806,0.0770567,0.00816026,0.914783
id26544,0.986191,0.00114851,0.012661
id18761,0.950674,0.0213952,0.0279303
id24148,0.183199,0.815008,0.00179286
id16095,0.00799729,0.615038,0.376964
id18442,0.769395,0.0794742,0.151131
id22596,1.26044e-05,4.05659e-06,0.999983
id23002,0.0133494,0.00126676,0.985384
id04797,0.994099,0.00271604,0.00318456
id06610,0.269758,0.00791235,0.72233
id16173,0.514084,0.31037,0.175545
id18292,0.122034,0.0535506,0.824415
id27328,0.999118,0.000401468,0.000480968
id01695,2.94096e-05,0.999913,5.80484e-05
id05761,0.824929,0.00633397,0.168737
id16354,0.987897,0.00549186,0.00661081
id12207,0.0200689,0.0404142,0.939517
id05665,0.0896632,0.0141941,0.896143
id01911,0.992559,0.00561816,0.00182327
id19153,0.0686617,0.0027725,0.928566
id10295,0.799292,0.0507523,0.149955
id23038,0.407168,0.588479,0.00435314
id23783,0.284158,0.714665,0.00117655
id27879,0.518973,0.47889,0.00213775
id19190,0.00496524,0.995015,1.9588e-05
id05065,0.957983,0.00635184,0.0356648
id21296,0.0176881,0.978584,0.00372786
id13262,0.0251679,0.164873,0.809959
id10333,0.964192,0.00855016,0.0272573
id16677,0.814235,0.0999486,0.0858163
id01392,0.118359,0.0228243,0.858817
id27874,0.972423,0.0124138,0.0151631
id02294,0.0151829,0.886866,0.0979514
id18298,0.00331139,0.00179408,0.994895
id06997,0.958611,0.00966081,0.0317279
id05243,0.574104,0.163195,0.262701
id00860,0.130917,0.702824,0.166258
id26681,0.87258,0.127279,0.000141398
id06020,0.0101818,0.000910185,0.988908
id27683,0.961821,0.0150477,0.0231314
id17655,0.124736,0.863793,0.011471
id08817,0.120126,0.136978,0.742896
id11512,0.00436449,0.0545418,0.941094
id00478,0.357271,0.054919,0.58781
id02116,0.923019,0.0117412,0.0652403
id06746,0.917863,0.0800316,0.002106
id03863,0.480756,0.431034,0.0882102
id01802,0.344451,0.107476,0.548073
id11682,0.875183,0.00918366,0.115633
id04033,0.00757292,0.936053,0.0563736
id09286,0.263475,0.41307,0.323456
id12904,0.936616,0.0408385,0.0225459
id07420,0.00256726,0.0031343,0.994299
id22398,0.000179948,0.999059,0.000761514
id00424,0.0178442,0.000577075,0.981579
id20960,0.975161,0.0121441,0.0126952
id10267,0.808655,0.0204835,0.170861
id19330,0.781912,0.0177452,0.200343
id00994,2.34912e-05,0.999776,0.00020085
id10785,0.650742,0.232936,0.116322
id00955,0.0301604,0.948461,0.0213785
id09757,0.00861919,0.985975,0.00540544
id10030,0.254385,0.0296299,0.715985
id22952,0.0285304,0.0112284,0.960241
id21955,5.0091e-05,0.00183889,0.998111
id07674,0.632957,0.335433,0.0316096
id13760,0.0860292,0.911022,0.00294893
id18166,0.934568,0.0174873,0.0479448
id23498,0.969129,0.0238804,0.00699107
id05296,0.999143,0.000256215,0.000601084
id26709,0.767779,0.191718,0.0405036
id02853,0.971045,0.0288449,0.000109745
id06800,0.519389,0.0702332,0.410378
id14758,0.651961,0.341297,0.00674141
id12356,0.993805,0.00438138,0.00181397
id21492,0.908298,0.0887618,0.00294008
id27540,0.48546,0.111369,0.403171
id07376,0.0767548,0.555185,0.36806
id15201,0.93863,0.0479358,0.0134342
id23388,0.00869915,0.953552,0.0377489
id13923,0.00998851,0.988541,0.00147068
id00794,0.000212737,0.991043,0.00874375
id23910,0.145818,0.026121,0.828061
id02556,0.020191,0.0366975,0.943112
id22151,0.00522493,0.994367,0.000408117
id11698,0.194423,0.490759,0.314818
id11627,0.589688,0.0278262,0.382486
id06340,0.994406,0.00225984,0.00333388
id05123,0.997164,0.00023374,0.0026024
id26620,0.000643445,8.3109e-05,0.999273
id04002,0.189225,0.112417,0.698358
id26554,0.0397447,0.441156,0.5191
id18012,0.150959,0.226736,0.622305
id12964,0.00495632,0.00857583,0.986468
id18965,0.000640749,0.271859,0.727501
id19082,0.385423,0.0205603,0.594016
id26742,0.0257317,0.00372773,0.970541
id15442,0.0434603,0.944451,0.0120891
id16647,0.947994,0.00128765,0.050718
id11544,0.0167014,0.00880064,0.974498
id20581,0.537781,0.143618,0.318601
id13192,0.208933,0.765904,0.0251637
id15814,0.0757205,0.223113,0.701167
id26279,0.109421,0.889568,0.00101138
id00240,0.997363,0.000533722,0.00210378
id22836,0.951003,0.0306918,0.0183053
id15085,0.00901265,0.905869,0.085118
id17495,0.770314,0.0224598,0.207227
id26762,0.786748,0.00282094,0.210431
id13685,0.995827,1.60241e-05,0.00415689
id16560,0.0114467,0.986833,0.00172005
id17184,0.000235332,0.9986,0.00116432
id21635,0.997275,0.00133367,0.00139156
id26751,0.013058,0.985038,0.00190352
id12351,0.918207,0.0244411,0.0573518
id14872,0.917522,0.0659883,0.0164894
id18372,0.795857,0.0870078,0.117135
id26851,0.866157,0.0669541,0.066889
id22659,0.557711,0.441396,0.000893445
id04102,0.00530046,0.00324698,0.991453
id02353,0.00634624,0.990664,0.00299012
id26721,0.986361,0.0079014,0.00573762
id11171,0.655425,0.0186337,0.325942
id13562,0.613397,0.281829,0.104773
id26425,0.93863,0.0133335,0.0480361
id26394,0.259765,0.194732,0.545503
id22187,0.613185,0.222131,0.164684
id00422,0.985698,0.0100012,0.00430046
id22667,0.012064,0.986594,0.00134218
id00911,0.900158,0.00682233,0.0930194
id17291,0.262028,0.0419926,0.695979
id01915,0.118779,0.0686566,0.812564
id01434,0.0800095,0.0115346,0.908456
id01584,0.740897,0.0406765,0.218426
id09266,0.953856,0.0133215,0.0328227
id17494,9.13858e-05,0.999298,0.000610452
id24919,0.816795,0.0326854,0.15052
id21043,0.1127,0.00604026,0.88126
id17796,0.00728032,0.992499,0.000220367
id02166,0.70659,0.00555709,0.287853
id17503,0.967708,0.00747196,0.0248198
id21203,0.768462,0.0280557,0.203482
id25626,0.968629,0.0258305,0.00554048
id09836,0.999532,0.000459105,9.45387e-06
id24202,0.00656247,0.137092,0.856346
id27260,0.20459,0.0930623,0.702348
id23167,0.00514717,0.000377862,0.994475
id10393,0.00172324,0.997547,0.000729953
id01171,0.983376,0.0130483,0.00357596
id06380,0.993729,0.0024352,0.00383587
id22686,0.0178672,0.000111704,0.982021
id26250,0.28089,0.010316,0.708794
id09315,0.125565,0.721246,0.153189
id00886,0.0256893,0.94929,0.0250203
id03101,0.97649,0.0200324,0.00347768
id12367,0.730183,0.00515785,0.264659
id10770,0.795787,0.010951,0.193262
id14949,0.105438,0.89423,0.000331319
id14141,0.156723,0.820407,0.0228707
id25417,0.468053,0.50672,0.0252269
id26873,0.94637,0.0344879,0.0191419
id10818,0.00667511,0.00228724,0.991038
id15146,0.978506,0.00517729,0.0163166
id23328,0.894681,0.0908656,0.0144532
id16765,0.279258,0.672879,0.047863
id24383,0.940597,0.00285387,0.056549
id21304,0.939737,0.0579179,0.00234493
id12551,0.257199,0.710085,0.0327158
id23274,0.0539929,0.0908906,0.855116
id08117,0.973201,0.0111989,0.0155997
id23961,0.956992,0.0092938,0.0337138
id13865,0.640576,0.337585,0.0218391
id22807,0.146759,0.0838607,0.76938
id08951,0.0184092,0.00327426,0.978316
id18684,0.999737,0.000131122,0.000131761
id25179,0.191474,0.571377,0.237149
id27033,0.936707,0.0193677,0.0439251
id13977,0.00684637,0.938966,0.0541877
id19337,0.00288518,0.938499,0.0586156
id25764,0.0468835,0.945229,0.00788713
id16106,0.251435,0.116112,0.632453
id05468,0.315364,0.00227595,0.68236
id05241,0.993268,0.000202157,0.00653041
id10215,0.387337,0.0578195,0.554843
id23457,0.00966201,0.150919,0.839419
id02200,0.768199,0.165315,0.0664861
id13714,0.0700541,0.881164,0.0487822
id20332,0.00111608,0.00272537,0.996159
id18573,0.0288521,0.0335834,0.937564
id08569,0.805876,0.0267045,0.16742
id22767,0.468624,0.234883,0.296493
id25390,0.0270744,0.961854,0.0110712
id09288,0.953735,0.0157028,0.0305623
id12381,0.986251,0.0115824,0.00216668
id02895,0.123965,0.0218802,0.854155
id25270,0.0124054,0.0130297,0.974565
id14248,0.413642,0.024652,0.561706
id12831,0.950967,0.00325142,0.0457812
id18305,0.97081,0.00644699,0.0227426
id07805,0.583522,0.410106,0.0063725
id14027,0.00858277,0.00564421,0.985773
id02760,0.929913,0.0612066,0.00888027
id24362,0.999927,5.45714e-05,1.85563e-05
id17065,0.0849983,0.902836,0.0121662
id26583,0.0217214,0.938004,0.0402746
id19664,0.954702,0.0420672,0.00323037
id25145,0.987263,0.00883852,0.00389858
id17858,0.0195315,0.979788,0.000680508
id05148,0.0482285,0.0159498,0.935822
id22928,0.947478,0.0486184,0.00390325
id21549,0.692451,0.0129307,0.294618
id12649,0.106549,0.89277,0.000680913
id21597,0.998945,0.000757145,0.000297762
id27945,0.841321,0.0960508,0.0626287
id00243,0.998291,5.76866e-05,0.00165081
id02745,0.652326,0.0473064,0.300367
id23550,0.00945157,0.00176005,0.988788
id13023,0.0149892,0.00244876,0.982562
id24796,0.0390888,0.00282231,0.958089
id12284,0.447392,0.421593,0.131015
id02664,0.0002287,0.996783,0.00298828
id23767,0.813049,0.153813,0.0331382
id05859,0.0575148,0.891461,0.0510244
id14350,0.733156,0.23345,0.0333943
id01191,0.0854585,0.748389,0.166153
id17034,0.810567,0.00949292,0.17994
id25292,0.324205,0.652109,0.0236856
id22121,0.999001,0.000833772,0.0001654
id20872,0.998731,0.00104599,0.000222958
id17720,0.00440876,0.988798,0.00679355
id22658,0.122371,0.872458,0.00517011
id09567,0.870377,0.0964419,0.0331812
id16445,0.994638,0.00369197,0.00167029
id08349,0.320446,0.0433888,0.636166
id27437,0.0295675,0.133418,0.837014
id03812,0.932405,0.0535871,0.0140081
id22304,0.912605,0.0198342,0.0675611
id04449,0.945664,0.0298347,0.0245009
id15605,0.616708,0.12245,0.260842
id01768,0.873825,0.0502631,0.0759116
id20019,0.531557,0.414762,0.0536814
id09593,0.00104364,0.944978,0.0539781
id23179,0.350486,0.0369628,0.612551
id21279,0.867208,0.022581,0.110211
id06711,0.0128314,0.00387994,0.983289
id14243,0.00408694,0.993112,0.00280153
id04839,0.000185547,0.0133846,0.98643
id17220,0.0155387,0.940073,0.044388
id24177,0.411114,0.0650761,0.52381
id20512,0.0529125,0.00854446,0.938543
id14036,0.000472083,0.999414,0.000113951
id25001,0.0268169,0.00425212,0.968931
id06175,0.0161277,0.868992,0.114881
id24720,0.044405,0.853309,0.102286
id08070,0.329718,0.666548,0.00373344
id18934,0.976888,0.00769808,0.0154144
id01338,0.991108,0.00100372,0.00788874
id19008,0.00644816,0.985,0.00855149
id19632,0.0679441,0.696376,0.23568
id26224,0.00301075,0.105527,0.891463
id08219,0.842763,0.00173814,0.155499
id24008,0.000304129,1.87307e-05,0.999677
id12475,0.469939,0.479555,0.0505063
id05766,0.0577511,0.00706123,0.935188
id27386,0.00187905,0.992481,0.00564021
id12476,0.00627105,0.992134,0.00159494
id08311,0.849749,0.14704,0.00321166
id04996,0.980813,0.0191384,4.81895e-05
id17350,0.177636,0.774418,0.0479462
id05546,0.0362324,0.961162,0.00260529
id16504,0.0616,0.903578,0.0348218
id05782,1.42737e-07,7.87669e-07,0.999999
id20560,0.932146,0.0149696,0.0528846
id14171,0.0306006,0.0296686,0.939731
id27461,0.634229,0.0185687,0.347202
id03581,0.0797739,0.00368012,0.916546
id21847,0.0630661,0.0259106,0.911023
id11712,0.980372,0.00824049,0.0113875
id26738,0.000391161,0.000861862,0.998747
id13668,0.938338,0.0522507,0.00941127
id15114,0.960668,0.0106456,0.0286863
id20130,0.935212,0.0184785,0.0463098
id18331,0.566628,0.165081,0.268291
id24465,0.999076,0.000708909,0.000215161
id13539,0.319316,0.333736,0.346948
id27564,0.0085784,0.915946,0.0754753
id26043,0.103728,0.00723994,0.889032
id04965,0.000118996,0.000259758,0.999621
id08645,0.0179961,0.00692477,0.975079
id26610,0.747483,0.0284543,0.224063
id21737,0.57228,0.414481,0.0132387
id25784,0.00799771,0.973148,0.0188542
id23030,0.97246,0.00321834,0.0243213
id16450,0.00185442,0.988653,0.00949289
id02161,0.845978,0.00140941,0.152612
id25535,0.755574,0.012875,0.231551
id16566,0.987447,0.000623789,0.0119291
id05714,0.990068,0.0083639,0.00156855
id16524,0.933504,0.0523416,0.0141544
id23941,0.000156771,0.980082,0.0197616
id00831,0.010439,0.0978551,0.891706
id18145,0.617389,0.113232,0.269379
id17227,0.997975,0.000141325,0.00188365
id09417,0.657957,0.0200665,0.321977
id21307,0.985977,0.009534,0.00448862
id05650,0.00570417,0.992212,0.0020842
id23901,0.945649,0.0336916,0.0206589
id05831,0.911147,0.0193163,0.0695362
id16708,0.0392574,0.948897,0.0118456
id02281,0.0034728,0.0038182,0.992709
id11599,0.663516,0.0219392,0.314545
id18353,0.156764,0.695548,0.147688
id07413,0.404439,0.513554,0.0820063
id15653,0.00137693,0.994303,0.00431969
id09715,0.157982,0.0118789,0.830139
id05108,0.290976,0.701306,0.00771784
id09537,0.301229,0.0231712,0.6756
id27596,0.998687,0.00125134,6.15511e-05
id24255,0.0323563,0.00136219,0.966281
id05080,4.01353e-06,2.25298e-06,0.999994
id09484,0.940496,0.00115488,0.0583489
id14864,0.00529709,7.10707e-05,0.994632
id26836,0.930543,0.0458841,0.0235726
id07003,0.898249,0.0355408,0.0662105
id13750,7.50027e-08,0.999999,9.7355e-07
id21799,0.0309726,0.204338,0.764689
id11285,0.999994,5.38046e-06,3.42782e-07
id04735,0.901462,0.0894647,0.00907329
id23049,0.00103135,0.0319959,0.966973
id05826,0.321261,0.666154,0.0125847
id17916,0.388661,0.579063,0.0322764
id14081,0.0145006,0.000269062,0.98523
id10527,0.0466401,0.00156426,0.951796
id16059,0.00538825,0.97285,0.0217618
id25542,0.955141,0.0442021,0.000656891
id05402,0.000109354,0.000683156,0.999208
id01927,0.785617,0.0597823,0.154601
id27656,0.343625,0.244991,0.411384
id06708,0.147713,0.607242,0.245045
id03524,0.552506,0.392657,0.0548369
id12297,0.851283,0.0781378,0.070579
id03439,0.965138,0.0291402,0.00572217
id04587,0.0106421,0.972459,0.0168986
id25470,0.0571167,0.933644,0.00923972
id01212,0.257295,0.707485,0.0352194
id13932,0.696905,0.239571,0.0635236
id00124,0.0670534,0.0022657,0.930681
id01592,0.832244,0.104258,0.0634979
id13461,0.62694,0.329411,0.0436484
id24681,0.313832,0.312115,0.374053
id23245,0.0528839,0.00214945,0.944967
id14073,0.748683,0.079017,0.1723
id05172,0.891004,0.00431906,0.104677
id21979,0.859937,0.00330265,0.136761
id00328,0.723274,0.000156254,0.27657
id26102,0.963775,0.0229636,0.0132619
id14867,0.0965112,0.0199434,0.883545
id27544,0.0112243,0.985728,0.00304774
id16228,0.938371,0.0241587,0.0374702
id16342,0.360182,0.62229,0.017528
id24933,0.984568,0.00419907,0.0112329
id04601,0.877737,0.029795,0.092468
id01599,0.0104698,0.982346,0.00718408
id06238,0.980616,0.0155326,0.00385141
id06826,0.104558,0.838131,0.0573115
id23307,0.905589,0.0871001,0.00731054
id13575,0.98337,0.00745952,0.00917023
id24174,0.600167,0.000796587,0.399036
id19534,0.0407981,0.0433011,0.915901
id19602,0.0291405,0.00698469,0.963875
id26962,0.00317246,0.973937,0.0228904
id04448,0.337266,0.660999,0.00173461
id09786,0.516993,0.444911,0.0380963
id25240,0.818816,0.0993519,0.0818325
id14893,0.953644,0.0420069,0.00434899
id24221,0.74547,0.251531,0.00299874
id04696,0.782087,0.00381945,0.214093
id15153,0.00557771,0.993343,0.00107893
id13882,3.89538e-05,0.999789,0.000172231
id17836,0.0846444,0.913386,0.00197003
id00574,0.0785664,0.905608,0.0158253
id02078,0.016297,0.515336,0.468367
id21206,0.311506,0.647722,0.0407716
id20084,0.611458,0.0158307,0.372711
id26598,0.00610847,0.0164697,0.977422
id06838,0.64171,0.00401604,0.354274
id08786,0.00374858,0.0103098,0.985942
id09550,0.156201,0.00953377,0.834265
id10206,0.997601,7.609e-05,0.0023232
id21113,0.84668,0.0189036,0.134417
id21151,0.690037,0.298843,0.0111203
id02692,0.989905,0.00821689,0.00187782
id26446,0.990861,0.00737667,0.00176248
id07377,0.606993,0.381144,0.011863
id15998,0.953597,0.0299775,0.0164257
id19637,0.962502,0.0195727,0.0179257
id19735,0.0057679,0.987004,0.00722759
id13739,0.0462263,0.00970977,0.944064
id25175,0.88531,0.0777946,0.0368957
id00563,0.317419,0.0304459,0.652135
id09982,0.946789,0.0038881,0.0493231
id15459,6.12492e-06,0.99999,4.44446e-06
id20785,0.000118962,9.91655e-05,0.999782
id07145,0.00033233,0.098505,0.901163
id22204,0.124893,0.861469,0.0136379
id09285,0.820916,0.00955126,0.169533
id18157,0.00287227,0.00207399,0.995054
id12134,0.00233402,0.00240776,0.995258
id23914,0.999261,0.000439192,0.000299688
id10483,0.994476,0.00539487,0.00012892
id07092,0.999102,0.000470489,0.00042707
id14786,0.0610995,0.24851,0.69039
id25741,0.948242,0.000561466,0.0511961
id09050,0.069524,0.926498,0.00397772
id04938,0.963164,0.00428798,0.032548
id05901,0.60998,0.0990891,0.290931
id16975,0.00211505,0.99596,0.00192497
id08547,0.0171229,0.00281757,0.98006
id16355,0.91438,0.0191228,0.0664969
id14568,0.970186,0.000709096,0.0291049
id25599,0.0221977,0.0796439,0.898158
id01670,0.0572674,0.92909,0.013643
id23945,0.00567303,0.993503,0.000824328
id17394,0.0040248,0.00203345,0.993942
id06501,0.598126,0.288459,0.113415
id26234,0.0132765,0.941797,0.0449267
id21280,0.0288364,0.000481339,0.970682
id20048,0.00130365,0.0571077,0.941589
id01216,0.189965,0.134503,0.675531
id25320,0.983349,0.00111265,0.0155386
id22833,0.0801134,0.145261,0.774626
id22056,0.701205,0.253745,0.0450499
id02275,0.000331401,0.996708,0.00296071
id26127,0.850082,0.00887133,0.141047
id17011,0.0199759,0.958702,0.0213217
id13847,0.976354,0.00330995,0.0203362
id00013,0.000645162,0.999058,0.000297105
id16463,0.943195,0.0333785,0.0234263
id04845,0.312167,0.685266,0.00256757
id01787,0.0118193,0.0443058,0.943875
id08637,0.928048,0.058656,0.0132959
id11414,0.0412151,0.00429348,0.954491
id13177,0.054381,0.180967,0.764652
id24517,0.929401,0.057275,0.0133243
id26838,0.974361,0.0160515,0.00958773
id23081,9.34616e-05,0.999797,0.00010997
id16327,0.085558,0.894786,0.0196564
id27282,0.0450515,0.950037,0.00491184
id07489,0.682076,0.0138794,0.304045
id01718,0.000272016,0.000108356,0.99962
id15441,0.991686,0.0065951,0.0017186
id27736,0.0103238,0.909905,0.0797712
id16324,0.00141788,0.0305768,0.968005
id12027,0.0822394,0.183657,0.734104
id24653,0.0557282,0.943017,0.00125535
id17541,0.363307,0.0352137,0.60148
id22406,0.0278097,0.567573,0.404617
id18356,0.834423,0.160694,0.00488246
id04505,0.786612,0.0845429,0.128845
id04246,0.541301,0.151253,0.307445
id07368,0.54034,0.203395,0.256266
id26185,0.0027745,0.00181474,0.995411
id08878,0.0841994,0.263714,0.652087
id27691,0.00742302,0.00298167,0.989595
id18004,0.921767,0.0581521,0.0200805
id24426,0.716706,0.0618415,0.221452
id14164,0.987734,0.0113564,0.000909686
id12653,0.00298484,0.92132,0.0756947
id18060,0.320432,0.0425273,0.637041
id18556,0.664585,0.0954837,0.239931
id27371,0.0930266,0.359751,0.547222
id11989,0.0355551,0.630099,0.334346
id26095,0.968511,0.0280155,0.00347333
id24978,0.747378,0.0523736,0.200249
id20322,0.459711,0.0195765,0.520713
id01954,0.945641,0.032156,0.0222027
id07434,0.444348,0.0872172,0.468434
id18144,0.00339645,0.0036366,0.992967
id16250,0.161749,0.775465,0.0627852
id17793,0.00595009,0.0761174,0.917932
id24067,0.0233467,0.0725593,0.904094
id13891,0.0120185,8.99276e-05,0.987892
id07334,0.29787,0.431795,0.270335
id15633,0.000470844,0.997424,0.00210563
id23239,0.588971,0.021539,0.38949
id10674,0.123507,0.189235,0.687259
id22093,0.561005,0.31638,0.122615
id08444,0.120885,0.547939,0.331175
id03257,0.277862,0.352002,0.370135
id10040,0.297749,0.671317,0.0309347
id04902,0.165456,0.00494833,0.829596
id01219,0.727444,0.271312,0.00124418
id01340,0.994477,0.00457032,0.000952146
id05117,0.000972332,0.998624,0.000403647
id04908,0.0797047,0.00263332,0.917662
id03626,0.0441472,0.0122848,0.943568
id01888,0.970531,0.0246859,0.00478294
id17199,0.0308418,0.000309892,0.968848
id11200,0.375166,0.582079,0.0427548
id27561,0.626982,0.00947999,0.363538
id20966,0.0407798,0.938493,0.0207268
id10257,0.00444961,0.994519,0.0010313
id21168,0.0162403,0.942319,0.0414411
id23363,0.15762,0.00160639,0.840773
id05321,0.934273,0.00893101,0.0567963
id09928,0.00567208,0.00186015,0.992468
id18015,0.775283,0.218516,0.00620127
id02082,0.0010408,0.998937,2.18034e-05
id19279,0.711035,0.091618,0.197347
id08541,0.513463,0.378996,0.107541
id15249,0.0213245,0.977188,0.00148782
id03609,0.0627004,0.813131,0.124169
id22902,0.473473,0.222558,0.30397
id17733,0.992589,0.00389965,0.00351154
id07554,0.0117114,0.0509457,0.937343
id14120,0.979735,0.0089051,0.0113597
id21802,0.11083,0.839786,0.0493832
id15614,0.00715296,0.988235,0.00461251
id19437,0.00163932,0.00148944,0.996871
id22698,0.988473,0.00969165,0.00183518
id21841,0.00403022,0.992668,0.00330209
id16177,0.682608,0.315275,0.002117
id15887,0.0394236,0.0189913,0.941585
id22629,0.274919,0.0168559,0.708225
id10346,0.998901,0.000135448,0.000963466
id05154,0.946327,0.0101616,0.043511
id22913,0.404147,0.588659,0.00719408
id10544,0.0256691,0.580377,0.393954
id08703,0.0987963,0.891956,0.00924759
id12817,0.745209,0.0104354,0.244356
id25433,0.885431,0.103689,0.0108805
id25112,0.00600414,0.00174072,0.992255
id05054,0.0729781,0.795553,0.131469
id02311,0.0198019,0.971984,0.00821438
id22160,0.0636301,0.907937,0.028433
id17422,0.975165,0.0158304,0.0090044
id18985,0.692384,0.0303436,0.277272
id21905,0.0297144,0.00450838,0.965777
id17474,0.967593,0.00677837,0.0256284
id15236,0.000695711,0.951316,0.0479877
id13964,0.983012,0.0127898,0.00419844
id15962,0.0274268,0.971008,0.00156525
id20866,0.00334929,0.00960711,0.987044
id06625,0.0352709,0.00138905,0.96334
id09793,0.100861,0.0452614,0.853878
id17365,0.00315196,0.992792,0.00405584
id18463,0.057324,0.878087,0.0645885
id20693,0.0964523,0.614657,0.288891
id08785,0.00143988,0.997675,0.000885389
id06783,0.0268063,0.966724,0.00647013
id23178,0.0340956,0.00511426,0.96079
id13513,0.00293719,0.988081,0.00898148
id25361,0.00701522,0.0222148,0.97077
id22319,0.923691,0.0386718,0.0376372
id14024,0.375085,0.0277626,0.597152
id24186,0.0178461,0.978477,0.00367672
id20965,0.99854,0.00057816,0.000882012
id06242,0.149017,0.263221,0.587762
id25665,0.0373594,0.259043,0.703598
id09706,0.652483,0.20721,0.140308
id11026,0.000257539,0.998796,0.000946372
id04223,0.943799,0.0498297,0.00637106
id19674,0.0118455,0.940609,0.0475453
id23420,0.00575145,0.193105,0.801144
id18059,0.0156578,0.982188,0.00215417
id22576,0.998919,0.000924182,0.000157238
id18495,6.94399e-07,0.999983,1.67153e-05
id14139,0.997367,0.000757307,0.00187606
id18313,0.0123732,0.987216,0.000410927
id27356,0.808174,0.103867,0.0879582
id16035,0.577922,0.00930073,0.412777
id04182,0.293375,0.602304,0.104321
id15667,0.923083,0.0488569,0.02806
id08713,0.960769,0.0194793,0.0197513
id25563,9.87502e-05,0.999147,0.000754347
id17023,0.999358,0.000571558,7.07848e-05
id03014,0.000897258,0.988143,0.0109597
id23812,0.00189034,0.998049,6.07295e-05
id20057,0.042333,0.0948666,0.8628
id12385,0.885673,0.0555536,0.0587733
id24416,0.0579699,0.923546,0.0184844
id15672,0.000583025,0.918928,0.080489
id13868,0.795237,0.172199,0.0325646
id21095,0.0871047,0.215494,0.697401
id05305,0.526451,0.321469,0.15208
id15384,0.0735158,0.31466,0.611825
id14049,0.0198625,0.00168987,0.978448
id23441,0.703496,0.254817,0.041687
id12856,0.486957,0.0135047,0.499538
id16055,0.00236677,0.00439112,0.993242
id24771,0.410722,0.53541,0.0538682
id14053,0.964024,0.00303067,0.0329451
id19547,0.0148871,0.384151,0.600962
id03639,0.156982,0.655284,0.187735
id14546,0.0711721,0.886164,0.0426638
id13935,0.666645,0.0616717,0.271683
id20335,0.303839,0.64881,0.0473509
id07301,0.366248,0.213187,0.420565
id10186,0.997719,0.000578093,0.00170279
id00192,0.50899,0.442608,0.0484011
id17851,0.729355,0.26661,0.004034
id08403,0.499592,0.26766,0.232749
id06183,0.73707,0.0740366,0.188893
id24738,0.0177669,0.887935,0.0942981
id15112,0.942185,0.00736962,0.0504458
id19819,0.00342389,0.00145805,0.995118
id17722,0.0022001,0.00333133,0.994469
id24273,0.00193706,0.585064,0.412999
id18939,0.00599949,0.00364872,0.990352
id16076,0.387937,0.609497,0.00256583
id23158,0.00513915,0.0096414,0.985219
id12745,0.916157,0.0109875,0.0728552
id22538,0.0407104,0.219561,0.739729
id14975,0.051112,0.942881,0.00600746
id27537,0.746591,0.194553,0.0588553
id06632,0.0757709,0.00266257,0.921567
id08100,0.126203,0.871428,0.00236919
id00843,0.979878,0.00570848,0.0144138
id22159,0.0371105,0.0142344,0.948655
id18672,0.747046,0.00201388,0.25094
id06916,0.174504,0.804606,0.0208901
id22212,0.0876134,0.103592,0.808795
id00273,0.157337,0.0219432,0.82072
id26325,0.43485,0.560205,0.00494503
id23683,0.194795,0.753287,0.0519183
id14419,0.000827634,0.975255,0.0239176
id11931,1.81163e-06,0.999997,1.6916e-06
id00568,0.0361111,0.962002,0.00188685
id12271,0.988399,0.00210119,0.00950023
id12622,0.268926,0.730375,0.000699323
id03156,0.188422,0.689684,0.121894
id25592,0.810861,0.182862,0.00627774
id24367,0.949003,0.0182482,0.0327492
id16007,0.200831,0.0397363,0.759432
id04785,0.891347,0.0241928,0.0844602
id07888,0.204787,0.157889,0.637324
id13557,0.460999,0.517765,0.0212366
id20726,0.974473,0.00286714,0.0226598
id09580,0.99284,0.000630192,0.00652955
id05173,0.00264874,0.99728,7.15596e-05
