id,EAP,HPL,MWS
id02310,0.000453799,4.43343e-07,0.999546
id24541,0.999989,1.08752e-05,5.64628e-08
id00134,0.0208538,0.979142,4.34082e-06
id27757,0.0418046,0.513519,0.444677
id04081,0.999956,2.68371e-05,1.76904e-05
id27337,0.000339861,0.999659,7.94173e-07
id24265,0.999968,5.38129e-07,3.1845e-05
id25917,2.19315e-07,5.03916e-05,0.999949
id04951,1.0,2.04757e-09,1.05177e-10
id14549,0.956748,0.00186271,0.0413893
id22505,0.0782563,0.352282,0.569462
id24002,7.91277e-07,0.999996,2.9274e-06
id18982,0.014668,0.985291,4.08415e-05
id15181,2.13187e-06,0.999995,2.52687e-06
id21888,0.999984,1.68326e-06,1.4668e-05
id12035,0.957936,0.000188146,0.0418756
id17991,0.428295,0.000112743,0.571592
id10707,1.0,6.86881e-12,6.39966e-11
id07101,1.53545e-05,1.33681e-07,0.999985
id00345,0.0406367,0.959065,0.00029806
id05912,0.999944,2.15151e-06,5.35467e-05
id13443,0.9964,0.00358749,1.20757e-05
id09248,0.0151592,0.00170534,0.983135
id17542,0.444658,0.000862017,0.55448
id06995,5.17821e-07,2.58412e-08,0.999999
id25159,0.997241,4.47441e-05,0.0027144
id25729,0.922646,0.0767011,0.000652695
id26949,0.999616,0.000354931,2.9287e-05
id27191,0.000408497,3.27289e-08,0.999592
id07668,1.52986e-06,1.58624e-08,0.999998
id02230,2.76353e-05,0.726773,0.2732
id15553,0.999991,3.22366e-09,9.08307e-06
id25688,4.52896e-08,0.999991,9.15829e-06
id17545,0.999253,0.000170303,0.000576999
id13929,0.0363984,0.0387197,0.924882
id12880,0.00115008,0.93881,0.0600404
id19282,0.998726,0.000331382,0.000942649
id14690,1.34304e-08,9.18386e-10,1.0
id17975,4.64583e-11,1.0,1.35475e-11
id08037,1.0,1.18624e-08,1.05078e-07
id15412,0.00494579,4.5878e-06,0.99505
id25032,0.0645557,0.0113726,0.924072
id27165,1.0,2.60878e-08,1.73285e-07
id03327,0.00825911,0.99174,5.57205e-07
id18515,1.0,9.51563e-09,4.12262e-07
id21003,6.85348e-05,9.96785e-06,0.999921
id23855,0.000335027,0.0803382,0.919327
id20724,0.999944,9.02986e-06,4.66111e-05
id13303,0.999998,1.65428e-06,2.3112e-07
id16521,8.52797e-07,0.00161136,0.998388
id20775,1.0,4.90301e-11,5.53348e-11
id13029,0.999747,4.17368e-06,0.000248476
id14660,0.0823481,0.917583,6.92723e-05
id11028,0.0250311,8.20415e-06,0.974961
id14180,0.999999,1.10579e-06,3.56294e-08
id25860,1.0,2.92372e-10,2.00056e-11
id11910,0.0641058,3.64776e-06,0.935891
id08065,9.92538e-05,7.44151e-05,0.999826
id22674,3.97496e-07,5.64558e-10,1.0
id25018,0.810207,0.00189835,0.187894
id10892,3.49044e-06,0.999884,0.000112131
id10217,9.14725e-05,0.999907,1.9168e-06
id12996,0.000723864,5.38911e-05,0.999222
id18262,0.99993,6.25201e-05,8.04518e-06
id08606,4.93971e-10,1.0,2.2162e-08
id17233,0.999231,0.000176821,0.000592641
id00101,0.999733,7.01851e-06,0.000259872
id12225,0.998678,0.000664392,0.000657876
id01364,5.99961e-05,0.999939,7.88332e-07
id24973,0.140029,3.77236e-05,0.859934
id25363,0.937042,1.37183e-07,0.0629577
id10061,0.00484663,0.0231511,0.972002
id17673,0.379583,0.619446,0.000970977
id13249,0.000940816,0.0061751,0.992884
id10107,1.21497e-07,1.81595e-09,1.0
id04403,1.0,1.31092e-10,1.95164e-08
id25728,0.999982,8.38809e-07,1.75039e-05
id16184,0.0421659,0.00193024,0.955904
id03438,3.55211e-08,1.19834e-10,1.0
id22923,5.69233e-05,0.999943,3.40652e-08
id08610,1.0,3.00212e-10,8.67692e-08
id25355,1.52401e-06,6.33721e-07,0.999998
id16916,0.999947,5.12758e-05,2.07136e-06
id12793,1.66346e-06,0.999998,1.82607e-07
id11859,0.999853,4.0231e-05,0.000106452
id02434,1.0,1.53341e-09,2.86759e-08
id27703,5.67903e-06,7.53558e-07,0.999994
id25212,0.804973,0.188738,0.00628825
id11308,0.00101616,0.000319987,0.998664
id26094,1.0,3.43851e-10,1.41308e-11
id22080,0.999904,9.44914e-05,1.38273e-06
id03545,1.0,9.88159e-10,7.65928e-10
id23725,2.8284e-06,6.04467e-05,0.999937
id12009,0.934462,0.0646218,0.000916657
id24241,0.738937,0.0355971,0.225466
id03596,6.26634e-09,1.0,8.70071e-10
id10749,6.37508e-05,0.999933,3.48331e-06
id22794,1.84595e-09,2.95304e-09,1.0
id15482,0.0604374,0.0756918,0.863871
id04833,0.457807,0.484277,0.0579159
id00397,0.000338215,1.92017e-08,0.999662
id14691,0.00105896,0.000514616,0.998426
id05193,2.93808e-07,8.55037e-08,1.0
id19541,0.99996,3.95129e-05,4.13944e-07
id22166,6.29571e-10,1.53544e-12,1.0
id20744,0.0841513,0.000241672,0.915607
id10392,3.55516e-09,8.28579e-11,1.0
id00770,0.999995,2.70287e-06,1.93578e-06
id06018,0.892951,0.103486,0.00356279
id15678,0.772364,4.7251e-06,0.227631
id08305,1.0,3.26598e-08,1.54659e-08
id08903,0.998604,1.02046e-05,0.00138627
id14752,0.0478937,0.951985,0.000121136
id12468,1.76864e-07,1.0,1.22861e-08
id05085,0.0158829,0.983862,0.000255611
id21993,0.0385784,2.89009e-05,0.961393
id15503,0.264291,0.735708,5.87879e-07
id03021,3.09477e-08,1.0,6.37752e-08
id16123,1.0,2.06635e-12,3.08831e-13
id19383,1.0,2.067e-08,1.32213e-11
id04186,0.954288,0.000243923,0.045468
id17954,9.27097e-07,7.16943e-09,0.999999
id12030,0.00976749,2.65483e-07,0.990232
id13020,0.999953,2.89715e-05,1.8217e-05
id25327,1.54131e-05,0.999956,2.81711e-05
id16344,4.62394e-05,0.00016002,0.999794
id12303,0.194621,0.803253,0.00212599
id15017,1.0,1.97096e-10,1.1677e-08
id22308,0.0351713,1.35892e-06,0.964827
id06536,2.94949e-06,8.15979e-05,0.999915
id19797,0.00248293,0.137907,0.85961
id06332,0.261529,0.738371,9.99589e-05
id22941,0.000428043,1.67005e-05,0.999555
id13547,2.18602e-05,9.08693e-06,0.999969
id06928,5.31631e-09,7.54729e-11,1.0
id12521,0.00311139,0.996817,7.13296e-05
id25716,0.993622,0.000108721,0.00626887
id27116,6.09538e-08,1.36346e-10,1.0
id19941,2.0211e-07,0.999984,1.61637e-05
id05711,6.55795e-05,3.44464e-06,0.999931
id02097,5.15374e-06,0.0014741,0.998521
id03563,1.00182e-06,0.999998,6.90895e-07
id02295,0.944748,0.0540158,0.0012362
id08179,0.999983,4.96886e-06,1.21216e-05
id05332,2.48803e-07,0.999999,6.76518e-07
id15697,0.45928,4.9916e-05,0.54067
id17026,0.00406405,0.000272946,0.995663
id04243,0.968624,0.0313501,2.62228e-05
id13175,1.0,3.63999e-12,1.05076e-11
id05387,0.999999,3.57409e-07,6.8786e-07
id19989,0.959046,0.040538,0.000416173
id25173,8.40627e-08,3.76056e-09,1.0
id08925,0.81398,0.0476606,0.13836
id03034,1.12136e-05,0.999037,0.00095181
id13272,2.46219e-09,1.0,3.70602e-08
id07956,1.0,3.90289e-09,1.56536e-07
id02648,0.631611,0.283271,0.085117
id01778,0.000162541,3.85129e-07,0.999837
id12846,6.63441e-09,1.07922e-10,1.0
id19001,0.0104148,0.00088731,0.988698
id05763,0.925615,1.2634e-05,0.0743724
id15590,0.000758375,6.42617e-07,0.999241
id04912,0.999603,0.000394803,2.1965e-06
id21201,0.0563691,0.000375548,0.943255
id13215,0.999998,6.73617e-08,1.57309e-06
id15612,0.000443755,0.99858,0.00097623
id18501,0.89091,0.00627049,0.102819
id07223,0.974665,0.0012814,0.0240536
id06707,0.0424847,0.932142,0.0253732
id05238,6.51691e-13,1.0,3.09286e-11
id00935,1.04954e-05,0.00870443,0.991285
id00110,0.968815,0.000447397,0.0307378
id17476,0.998244,0.001735,2.09482e-05
id15170,1.0,5.96778e-10,4.69571e-08
id13397,0.0470981,0.952594,0.000308295
id24283,0.067106,0.819477,0.113417
id15234,1.0,9.02191e-10,3.32624e-10
id16884,0.00160673,0.998373,2.00217e-05
id07831,0.985703,0.0128794,0.00141746
id16038,1.0,1.10604e-09,3.85278e-10
id03629,0.996664,0.000134625,0.00320093
id21019,0.99815,0.00105378,0.000795804
id21835,0.0623196,0.754318,0.183363
id04480,1.93222e-05,0.999981,4.97132e-09
id20838,9.2556e-06,0.999991,4.77172e-08
id24195,0.00240984,0.00067016,0.99692
id05448,0.992532,0.00705961,0.000407925
id15957,0.00731922,0.97493,0.0177502
id19956,1.21777e-07,6.13947e-10,1.0
id15104,9.85883e-06,0.000436354,0.999554
id17559,0.999144,0.000550554,0.00030568
id16839,6.66975e-05,0.993972,0.00596176
id14493,0.226452,9.46073e-05,0.773453
id08833,0.00218265,0.00850791,0.989309
id15723,0.276682,0.00279795,0.72052
id02716,1.0,1.33136e-08,5.02728e-09
id06689,5.48302e-08,1.0,5.50299e-08
id18837,0.00952554,0.000169326,0.990305
id04466,0.999931,5.4532e-05,1.45587e-05
id00686,1.0,6.83312e-10,9.67217e-08
id09010,0.998539,0.00131857,0.000142608
id23353,0.99891,1.24417e-06,0.00108922
id00066,0.968973,0.0261942,0.00483255
id15724,2.91736e-06,0.999994,3.04136e-06
id23486,4.00036e-05,1.71538e-08,0.99996
id22258,2.77894e-06,4.66818e-05,0.999951
id02292,0.995452,0.0024551,0.00209281
id16356,6.52697e-05,1.4519e-07,0.999935
id00235,0.981717,0.000118441,0.0181645
id25522,1.8156e-05,8.72539e-08,0.999982
id04204,0.925734,0.073426,0.000839588
id22016,0.996069,0.000952045,0.00297879
id06480,4.0349e-06,0.999969,2.67783e-05
id08718,0.890751,0.0299972,0.0792514
id05251,1.48908e-09,1.0,3.46455e-08
id03359,0.999948,6.37344e-07,5.1054e-05
id16117,0.000217518,1.40126e-07,0.999782
id17000,2.07028e-08,1.0,4.8348e-08
id01730,0.000226716,0.999773,4.08421e-07
id00630,0.999864,0.000103578,3.19508e-05
id18175,0.546352,0.000207668,0.453441
id00907,8.10864e-05,1.77152e-07,0.999919
id18251,5.9465e-11,1.0,1.38071e-11
id25861,0.916153,0.0750916,0.00875542
id00398,0.997893,0.000840243,0.00126719
id27573,0.999996,1.36936e-09,3.54992e-06
id10022,2.96121e-08,0.999703,0.00029683
id15901,1.17161e-06,1.34391e-08,0.999999
id00451,0.0152144,0.00163991,0.983146
id23129,0.00648812,0.992193,0.00131834
id26498,0.000105042,0.998294,0.00160076
id14741,0.999801,0.000198755,6.48535e-07
id18453,0.022255,7.04724e-07,0.977744
id08309,0.981906,0.0178909,0.000203446
id00320,0.999999,1.86312e-07,6.10815e-07
id07688,0.000215582,1.83947e-05,0.999766
id01556,4.86074e-10,8.57101e-12,1.0
id00178,0.141196,0.800536,0.0582671
id18902,0.000511582,0.000229873,0.999259
id27002,0.0808068,0.882006,0.0371877
id21418,1.0,1.4793e-13,1.18064e-13
id23018,0.348817,0.0150025,0.636181
id07032,0.970514,0.0184417,0.0110445
id16195,0.999993,4.0323e-08,6.52161e-06
id11202,0.00155738,0.997819,0.000623445
id09578,0.995542,0.00182036,0.00263781
id26984,0.995502,2.28369e-05,0.00447477
id19856,1.96625e-12,1.0,1.24916e-11
id12086,0.991215,4.01096e-05,0.00874458
id12052,0.03989,5.79013e-05,0.960052
id17728,1.66675e-06,1.89658e-05,0.999979
id24608,0.999973,7.4799e-06,1.91166e-05
id21097,0.00107792,7.32304e-06,0.998915
id20179,1.84018e-13,1.62359e-12,1.0
id15144,0.999554,0.000296658,0.000148954
id00206,1.0,1.9196e-09,7.60083e-10
id22285,0.299158,0.00182967,0.699012
id06417,0.344173,0.0741797,0.581647
id00215,0.000134126,0.999865,1.04998e-06
id04201,0.000113485,0.00131681,0.99857
id21771,0.000898475,3.76063e-05,0.999064
id12451,5.06718e-05,0.0329609,0.966988
id14250,0.00699549,0.126595,0.866409
id03433,0.925085,0.0729034,0.00201133
id03303,8.02764e-06,9.8498e-06,0.999982
id25901,0.999005,0.000220797,0.000774717
id06945,0.977692,1.48674e-06,0.022307
id05664,0.999783,1.45201e-05,0.000202135
id05741,1.0,8.93626e-08,6.66863e-09
id10652,0.999535,0.000181964,0.000282915
id16300,0.99747,2.22398e-05,0.0025083
id12319,0.959902,0.00160042,0.0384976
id07500,7.42716e-09,1.0,9.65185e-10
id12478,0.0316107,0.0137383,0.954651
id03076,2.98247e-06,1.41026e-09,0.999997
id00969,0.00051419,0.663093,0.336393
id23636,1.45547e-05,0.999978,7.35428e-06
id09791,0.000155303,0.000228278,0.999616
id05680,0.000499336,0.98698,0.0125201
id03672,6.06756e-06,0.999793,0.00020101
id04286,1.01082e-07,0.999996,3.41935e-06
id23883,4.53894e-09,3.26854e-11,1.0
id11914,0.899177,0.000259103,0.100564
id20974,1.486e-06,0.999994,4.65673e-06
id26125,2.95946e-05,4.13814e-06,0.999966
id15543,0.00119726,1.79501e-06,0.998801
id19471,0.999991,8.57204e-06,3.86838e-07
id11503,0.999447,0.000542626,1.08216e-05
id09321,0.00121088,0.922174,0.0766152
id25560,3.91478e-11,2.99591e-12,1.0
id06726,0.000621356,0.000178447,0.9992
id05709,0.996006,1.16118e-06,0.00399278
id09788,0.0114437,0.558278,0.430278
id05289,1.0,7.36557e-11,2.93932e-11
id11815,7.96965e-10,1.0,4.00716e-09
id22422,0.99997,6.17641e-06,2.34306e-05
id25954,0.999593,0.000324517,8.21736e-05
id13601,0.998184,0.000440013,0.00137596
id05677,0.999958,3.47294e-06,3.87838e-05
id10498,0.0003288,0.999656,1.53797e-05
id02665,0.0504278,0.949308,0.0002647
id10114,0.000314113,0.984985,0.0147012
id26314,0.999997,9.18539e-08,2.77209e-06
id21240,0.0138116,8.17734e-05,0.986107
id15569,0.999999,2.75689e-07,3.1251e-07
id25928,0.000253575,4.4207e-07,0.999746
id22706,7.19846e-06,0.999992,1.12091e-06
id20877,1.92285e-09,0.999994,5.90397e-06
id04318,0.999928,2.78781e-05,4.44495e-05
id18299,0.27068,0.664042,0.0652782
id08126,1.13274e-08,2.05329e-12,1.0
id14293,0.366349,2.34924e-05,0.633627
id12759,0.999551,1.77287e-06,0.000447113
id11983,0.999244,6.18638e-05,0.000694065
id05580,0.819233,0.0503389,0.130428
id25846,0.000625842,0.187379,0.811995
id01939,0.964676,0.000136058,0.0351879
id26327,0.0564453,0.267522,0.676033
id11068,4.60573e-08,1.63383e-11,1.0
id08404,0.0355666,7.58254e-07,0.964433
id27189,0.974045,0.0259239,3.11662e-05
id15119,6.58519e-09,0.999999,7.76377e-07
id26525,1.0,2.30402e-08,2.62659e-07
id03618,0.999354,0.000615085,3.13862e-05
id27220,0.999997,1.77036e-06,7.66752e-07
id18777,0.00663718,0.000531764,0.992831
id20213,0.999652,2.72505e-05,0.00032093
id20403,0.878305,0.11901,0.00268553
id03777,4.89323e-06,1.22743e-05,0.999983
id10595,4.60935e-07,1.0,5.58789e-10
id13816,0.0543082,6.00808e-06,0.945686
id05667,1.34591e-08,7.81731e-12,1.0
id24629,0.975147,0.000133543,0.0247198
id20398,0.000123523,0.972575,0.0273018
id14108,2.8055e-08,1.02888e-09,1.0
id06196,3.27051e-07,0.999999,6.28324e-07
id02800,0.999341,0.000585152,7.4184e-05
id18732,7.45904e-11,1.0,1.77912e-10
id11915,5.34308e-05,0.999775,0.00017151
id09739,1.0,3.36557e-11,8.22344e-11
id24672,0.999988,7.26261e-06,4.8105e-06
id00414,5.71968e-07,1.79043e-07,0.999999
id16307,0.331454,0.00414168,0.664405
id14043,0.000516997,1.11667e-05,0.999472
id00517,6.9886e-13,2.01724e-17,1.0
id09744,0.999863,0.000137056,1.97184e-07
id19257,0.999712,0.000270821,1.76882e-05
id15437,0.949138,0.0508429,1.89352e-05
id16352,1.19436e-05,2.79219e-06,0.999985
id18849,3.69398e-07,2.86551e-10,1.0
id19434,7.17421e-10,1.0,6.87774e-10
id17928,2.95442e-05,1.82651e-06,0.999969
id16896,9.39836e-07,4.13078e-08,0.999999
id02135,0.846233,0.147322,0.0064445
id15075,0.999979,2.00981e-05,1.36748e-06
id27486,0.000464865,0.999258,0.000276692
id19422,0.999994,6.00765e-06,2.24814e-07
id09603,0.000298858,0.999694,6.63571e-06
id02133,1.24718e-05,0.999981,6.46574e-06
id03441,0.992487,2.10042e-06,0.00751046
id02398,6.7366e-09,1.0,9.34544e-11
id05152,1.09529e-05,9.62339e-07,0.999988
id17838,0.999841,4.96389e-07,0.000158697
id25060,0.781461,0.218536,2.23618e-06
id09998,2.01632e-05,0.000247729,0.999732
id01828,7.95322e-05,0.995916,0.00400478
id25377,0.000297932,2.34816e-06,0.9997
id22175,3.9947e-06,0.999995,5.11126e-07
id02974,1.65114e-05,4.79809e-06,0.999979
id26955,0.999982,1.8417e-05,2.22425e-08
id21091,0.999988,4.25662e-06,7.77644e-06
id12802,0.999998,3.05539e-07,1.16734e-06
id07432,1.10667e-12,1.0,3.4438e-11
id18749,0.000521137,0.14601,0.853469
id15030,2.16173e-11,2.28101e-09,1.0
id17155,1.56644e-05,0.99998,4.72596e-06
id08128,4.01299e-07,0.997877,0.00212226
id25706,5.01765e-13,1.0,1.43495e-08
id15645,0.999987,1.31427e-05,8.58068e-09
id04943,0.999999,6.74497e-07,5.0678e-07
id27566,1.96581e-07,9.33073e-10,1.0
id11765,0.0034792,3.93629e-05,0.996481
id13783,0.999999,2.49175e-07,5.41166e-07
id00492,1.31909e-07,3.73369e-08,1.0
id27636,4.47541e-06,1.10746e-06,0.999994
id04273,0.989225,0.00820849,0.00256635
id02537,0.0434861,0.0897645,0.866749
id24349,0.880517,0.119478,4.81576e-06
id00023,6.03784e-08,0.999971,2.93365e-05
id23025,0.980478,0.0187102,0.000812219
id08722,0.999838,3.95468e-06,0.000157708
id02420,1.0,1.0942e-11,5.38199e-11
id10811,1.0,4.9091e-08,2.09305e-07
id04019,7.99362e-07,4.36707e-10,0.999999
id18334,1.0,1.0165e-08,7.15292e-09
id16781,0.998882,0.000474453,0.000643759
id08773,0.999998,9.11272e-07,5.44381e-07
id19214,0.999138,1.14512e-05,0.00085079
id09589,0.000156299,0.896583,0.103261
id24246,0.998173,8.50342e-07,0.00182567
id23577,1.0,1.14142e-08,7.10877e-09
id09305,0.998451,0.00050757,0.00104134
id16460,0.994737,0.000181795,0.00508161
id21115,0.343525,0.00277348,0.653702
id25996,0.984956,0.0124288,0.00261508
id02551,2.43145e-05,4.53341e-06,0.999971
id19352,8.81566e-07,1.64293e-07,0.999999
id03806,0.0150157,1.19599e-06,0.984983
id26544,0.995641,3.74599e-05,0.00432189
id18761,0.999969,3.54866e-06,2.77578e-05
id24148,3.40304e-05,0.999928,3.79629e-05
id16095,0.000372452,0.333121,0.666506
id18442,0.0390982,0.959541,0.00136121
id22596,2.85508e-08,1.69662e-10,1.0
id23002,7.05605e-07,1.5191e-07,0.999999
id04797,1.0,4.76204e-08,2.20297e-07
id06610,0.000648049,2.17166e-06,0.99935
id16173,0.966209,0.00945781,0.0243327
id18292,0.00104981,0.000121064,0.998829
id27328,0.999996,1.72591e-06,2.62969e-06
id01695,0.00740235,0.982685,0.0099128
id05761,0.999304,5.09225e-06,0.000690618
id16354,0.999996,3.96492e-06,1.52315e-08
id12207,0.00381303,0.017948,0.978239
id05665,9.52163e-05,0.000276124,0.999629
id01911,0.998893,0.000971039,0.000136213
id19153,7.36063e-07,6.9006e-08,0.999999
id10295,0.00112489,0.998559,0.000316548
id23038,0.000624784,0.998937,0.000438075
id23783,2.95095e-06,0.999997,4.00091e-08
id27879,0.999741,0.000258035,1.41715e-06
id19190,4.39494e-05,0.999955,8.34344e-07
id05065,0.999999,2.97825e-08,5.58251e-07
id21296,0.000130635,0.999538,0.000331401
id13262,5.69073e-05,0.00237333,0.99757
id10333,0.999978,2.39594e-07,2.22201e-05
id16677,0.219579,0.777899,0.00252148
id01392,0.00277627,0.0592319,0.937992
id27874,0.997884,0.000896167,0.00122001
id02294,0.00436659,0.360777,0.634856
id18298,1.65359e-07,8.10885e-08,1.0
id06997,0.999995,4.52006e-06,6.05462e-07
id05243,0.999832,4.57632e-05,0.000121999
id00860,5.25552e-09,1.0,9.46276e-08
id26681,0.9738,0.013607,0.0125934
id06020,7.35333e-08,4.84049e-13,1.0
id27683,0.999815,0.000101485,8.35053e-05
id17655,1.01519e-06,0.999998,5.78308e-07
id08817,4.02065e-05,0.00155753,0.998402
id11512,8.2173e-07,1.45686e-06,0.999998
id00478,0.00708914,8.7114e-06,0.992902
id02116,0.999207,0.000749342,4.34559e-05
id06746,0.999929,1.46265e-05,5.65044e-05
id03863,0.999483,0.000104816,0.00041173
id01802,0.00033241,0.00509731,0.99457
id11682,0.99999,2.60724e-07,9.93594e-06
id04033,1.4215e-07,1.0,3.4302e-08
id09286,0.000431593,0.998989,0.000579393
id12904,0.999905,9.47039e-05,3.0492e-09
id07420,1.741e-09,1.18437e-09,1.0
id22398,1.63757e-08,1.0,1.49584e-08
id00424,1.20329e-08,2.31568e-11,1.0
id20960,0.999998,1.23818e-06,3.45493e-07
id10267,0.998564,0.00129366,0.000142318
id19330,0.000259164,1.16059e-07,0.999741
id00994,3.74993e-13,1.0,4.5171e-12
id10785,0.702374,0.0777463,0.21988
id00955,7.14154e-05,0.999909,1.91743e-05
id09757,1.27329e-07,1.0,3.73761e-08
id10030,0.00121829,0.000167002,0.998615
id22952,0.180877,0.00629759,0.812826
id21955,1.32483e-08,2.35579e-08,1.0
id07674,0.997427,1.75293e-05,0.00255537
id13760,1.83893e-06,0.999998,6.73375e-08
id18166,0.998711,2.25189e-07,0.00128921
id23498,0.999991,8.74727e-06,6.59357e-07
id05296,1.0,2.41733e-08,5.08206e-08
id26709,0.061445,0.937644,0.000911028
id02853,1.0,1.80595e-07,3.91547e-08
id06800,0.998315,4.03794e-05,0.00164435
id14758,0.0183689,0.980622,0.0010093
id12356,1.0,2.64326e-07,2.02286e-07
id21492,0.973038,0.0091601,0.0178017
id27540,0.0954465,2.75298e-06,0.904551
id07376,0.0530203,0.940843,0.00613642
id15201,0.999775,0.000217839,6.82065e-06
id23388,2.44112e-12,1.0,7.18693e-10
id13923,1.15303e-07,1.0,2.25134e-08
id00794,1.03898e-10,1.0,1.25744e-10
id23910,3.54278e-05,7.7607e-07,0.999964
id02556,0.0288159,0.163418,0.807766
id22151,8.36696e-12,1.0,3.54637e-11
id11698,0.00431426,0.991719,0.00396707
id11627,0.000939954,1.39448e-05,0.999046
id06340,0.999999,8.83755e-08,7.66042e-07
id05123,1.0,3.50344e-09,1.76398e-08
id26620,3.07906e-09,2.16806e-10,1.0
id04002,0.000156535,1.1024e-06,0.999842
id26554,0.00465252,0.99472,0.000627884
id18012,3.24607e-06,0.00132215,0.998675
id12964,0.00896037,0.000336467,0.990703
id18965,8.77939e-06,0.00265095,0.99734
id19082,0.00014445,3.57724e-07,0.999855
id26742,2.62159e-07,7.41943e-09,1.0
id15442,0.000785,0.999182,3.35177e-05
id16647,0.983667,0.00114367,0.0151897
id11544,0.00130113,4.01075e-06,0.998695
id20581,0.997055,0.000808852,0.00213659
id13192,0.588992,0.410547,0.000461429
id15814,6.99464e-05,0.00111543,0.998815
id26279,1.9883e-09,1.0,1.43184e-10
id00240,0.999806,1.40321e-06,0.000193132
id22836,0.999984,1.49924e-05,8.99868e-07
id15085,7.12197e-05,0.889642,0.110287
id17495,0.0437113,0.00051726,0.955771
id26762,0.999483,6.00544e-06,0.000511089
id13685,0.987514,8.3698e-08,0.0124862
id16560,1.62215e-12,1.0,1.20817e-12
id17184,1.84394e-08,1.0,3.25192e-08
id21635,1.0,9.03536e-14,2.77654e-10
id26751,0.24101,0.745509,0.0134812
id12351,0.999861,3.82798e-05,0.000100907
id14872,0.994499,0.00243809,0.00306306
id18372,1.0,9.06172e-08,2.00568e-07
id26851,0.968265,0.0313477,0.000387593
id22659,0.016324,0.983675,9.16823e-07
id04102,4.73492e-08,2.06749e-10,1.0
id02353,8.60748e-06,0.999981,9.99671e-06
id26721,1.0,4.75052e-09,2.1621e-09
id11171,0.968244,4.89534e-06,0.0317507
id13562,0.979303,0.010338,0.0103587
id26425,0.999196,1.74591e-05,0.000786058
id26394,0.999912,5.95907e-06,8.1768e-05
id22187,0.20809,0.738531,0.0533797
id00422,1.0,5.82311e-13,9.6599e-13
id22667,1.36834e-08,1.0,1.88922e-08
id00911,0.0754316,0.00701907,0.917549
id17291,0.00609433,1.42338e-05,0.993891
id01915,3.65915e-05,2.23564e-05,0.999941
id01434,0.390392,0.0487552,0.560853
id01584,0.0270488,0.00817355,0.964778
id09266,0.992723,0.000144147,0.00713279
id17494,2.90776e-10,1.0,1.43956e-09
id24919,0.0193146,0.934361,0.0463247
id21043,1.04537e-05,6.27599e-14,0.99999
id17796,8.65125e-10,1.0,6.28947e-10
id02166,0.00303818,9.95489e-08,0.996962
id17503,0.929683,4.16416e-06,0.0703129
id21203,0.989783,0.00130663,0.00891018
id25626,1.0,3.49733e-10,3.64211e-11
id09836,0.99564,0.00412264,0.000237401
id24202,0.000702671,0.150314,0.848984
id27260,0.999935,1.6668e-05,4.79387e-05
id23167,4.17257e-06,2.52804e-12,0.999996
id10393,0.0639536,0.893329,0.0427171
id01171,0.991741,0.00789716,0.000361769
id06380,1.0,3.86013e-08,9.83183e-08
id22686,1.51842e-07,9.60292e-13,1.0
id26250,1.62185e-05,4.69886e-09,0.999984
id09315,3.19868e-05,0.999564,0.000403781
id00886,0.130613,0.316526,0.552861
id03101,0.999976,2.19668e-05,2.13889e-06
id12367,0.999996,5.46022e-09,4.1496e-06
id10770,0.0204955,1.79282e-05,0.979487
id14949,6.37569e-09,1.0,1.72965e-10
id14141,2.16947e-06,0.999997,1.10162e-06
id25417,0.893377,0.106027,0.000596232
id26873,3.85314e-05,0.999909,5.20788e-05
id10818,0.000440761,9.22027e-06,0.99955
id15146,0.999998,1.06041e-07,2.16811e-06
id23328,0.999702,0.000297942,4.44343e-07
id16765,0.238739,0.761017,0.000243701
id24383,0.999986,1.81056e-08,1.43861e-05
id21304,0.999995,4.59665e-06,3.61824e-07
id12551,1.05461e-06,0.999998,7.77875e-07
id23274,0.114087,0.00097884,0.884935
id08117,0.667844,0.264948,0.0672077
id23961,0.999998,4.91588e-07,1.55631e-06
id13865,1.86986e-05,0.99998,1.44011e-06
id22807,0.00443317,0.00303401,0.992533
id08951,0.00154215,8.84669e-05,0.998369
id18684,1.0,1.98586e-09,6.84697e-09
id25179,0.000509854,0.958425,0.0410656
id27033,0.999999,5.99945e-09,1.45697e-06
id13977,0.00726156,0.000260872,0.992478
id19337,6.585e-05,0.142307,0.857627
id25764,0.000121287,0.999878,5.37339e-07
id16106,0.000115419,0.00245411,0.997431
id05468,7.91941e-07,1.1128e-09,0.999999
id05241,1.0,5.43544e-13,1.7415e-10
id10215,0.0358206,5.99007e-06,0.964173
id23457,9.94576e-05,1.35302e-05,0.999887
id02200,0.999996,1.38995e-08,4.44449e-06
id13714,8.01409e-05,0.999915,5.0598e-06
id20332,2.97981e-09,1.04357e-11,1.0
id18573,1.89178e-05,2.72546e-07,0.999981
id08569,0.449251,0.00190253,0.548846
id22767,4.84187e-06,0.999995,4.17032e-07
id25390,1.79231e-07,0.999999,9.77068e-07
id09288,1.0,2.80863e-08,2.0362e-07
id12381,1.0,3.24681e-07,1.48783e-07
id02895,3.23862e-05,3.70017e-05,0.999931
id25270,6.65836e-07,2.55603e-09,0.999999
id14248,0.906494,0.00399606,0.0895096
id12831,0.999989,1.38697e-06,1.00441e-05
id18305,0.959932,6.4468e-07,0.0400674
id07805,0.999858,1.72787e-05,0.000124775
id14027,0.00238612,0.000214457,0.997399
id02760,0.965677,0.0304605,0.00386294
id24362,1.0,2.00798e-09,3.08083e-09
id17065,5.23095e-08,1.0,1.03077e-08
id26583,1.70209e-05,0.190536,0.809447
id19664,1.0,7.11487e-11,5.49033e-13
id25145,0.999869,5.56892e-05,7.49769e-05
id17858,0.000431384,0.999548,2.04092e-05
id05148,0.00141957,0.0264001,0.97218
id22928,0.999809,0.000113199,7.7804e-05
id21549,0.00101565,0.000100037,0.998884
id12649,3.55046e-06,0.999996,3.96023e-07
id21597,0.999907,4.80035e-05,4.53294e-05
id27945,0.991489,0.0081443,0.000366375
id00243,0.999999,8.41511e-11,5.77905e-07
id02745,0.994083,4.69731e-06,0.0059125
id23550,0.000149835,5.00058e-07,0.99985
id13023,0.999525,5.47883e-07,0.000474405
id24796,1.745e-06,2.19049e-10,0.999998
id12284,0.485166,0.514719,0.000114704
id02664,3.19695e-12,1.0,6.39686e-11
id23767,0.93563,0.0413464,0.0230235
id05859,2.66309e-06,0.999997,3.69106e-07
id14350,0.981807,0.0181829,1.05877e-05
id01191,0.00398382,0.98631,0.00970562
id17034,1.0,4.39304e-09,8.0984e-08
id25292,0.0200569,0.979819,0.000123627
id22121,0.999999,5.7042e-08,8.25558e-07
id20872,0.995568,0.00135516,0.00307642
id17720,0.000142385,0.999858,4.34999e-08
id22658,0.00105425,0.998878,6.72877e-05
id09567,0.980765,0.0053638,0.0138712
id16445,0.999644,0.000354733,1.69986e-06
id08349,0.0804192,0.000807366,0.918773
id27437,0.0132858,0.832417,0.154297
id03812,0.999976,1.89223e-05,5.09829e-06
id22304,0.999761,2.46089e-05,0.000214214
id04449,0.0534811,0.944866,0.00165337
id15605,0.989685,1.69922e-06,0.0103133
id01768,0.9509,0.0124575,0.0366426
id20019,0.763778,0.235287,0.000935309
id09593,4.5595e-07,0.998054,0.00194528
id23179,0.00182712,1.76037e-06,0.998171
id21279,0.93769,0.0030354,0.0592741
id06711,2.67978e-05,1.00354e-07,0.999973
id14243,5.21484e-07,0.99999,9.42646e-06
id04839,7.56621e-07,0.00956554,0.990434
id17220,0.00246704,0.994508,0.00302489
id24177,0.640841,0.0168697,0.34229
id20512,2.30781e-05,5.54771e-08,0.999977
id14036,4.78474e-09,1.0,6.09147e-09
id25001,5.23459e-05,4.21035e-06,0.999943
id06175,2.6436e-05,0.999703,0.000270384
id24720,0.000528955,0.994113,0.00535831
id08070,0.00181924,0.998178,2.42884e-06
id18934,0.999837,0.000133903,2.93338e-05
id01338,0.999108,1.19446e-06,0.000891293
id19008,8.73791e-05,0.982104,0.0178088
id19632,0.000254083,0.0598618,0.939884
id26224,2.63075e-08,8.62618e-09,1.0
id08219,0.999826,5.46039e-05,0.000119294
id24008,3.35455e-10,4.61023e-15,1.0
id12475,0.027534,0.120714,0.851752
id05766,0.000344235,1.67176e-06,0.999654
id27386,0.00961208,0.989902,0.000485793
id12476,5.98107e-07,0.999999,2.14607e-07
id08311,0.999048,0.00050797,0.000444286
id04996,0.99997,4.72028e-06,2.48197e-05
id17350,0.00693401,0.991919,0.001147
id05546,1.82802e-10,1.0,7.45669e-12
id16504,1.7471e-05,0.999981,1.14338e-06
id05782,1.94407e-10,4.16769e-11,1.0
id20560,0.997297,8.30577e-05,0.00262011
id14171,3.93505e-05,7.12488e-06,0.999954
id27461,0.346023,0.10719,0.546787
id03581,0.00718544,0.0095595,0.983255
id21847,6.23384e-06,9.07413e-09,0.999994
id11712,0.0666911,8.83404e-06,0.9333
id26738,3.66094e-07,6.17526e-07,0.999999
id13668,1.0,9.03869e-10,1.23119e-10
id15114,1.0,1.84082e-11,1.62073e-10
id20130,0.851175,0.0781042,0.0707206
id18331,0.999894,3.6192e-08,0.000105821
id24465,1.0,3.70841e-09,1.30259e-10
id13539,0.993128,0.00669375,0.00017858
id27564,9.41819e-06,0.999989,1.28226e-06
id26043,0.993546,6.55686e-08,0.00645428
id04965,0.00680126,0.00458657,0.988612
id08645,6.0716e-06,2.56677e-09,0.999994
id26610,0.68161,0.00553742,0.312852
id21737,0.611673,0.33452,0.0538075
id25784,4.45812e-06,0.999627,0.000368991
id23030,0.999978,2.94421e-09,2.23968e-05
id16450,7.70861e-08,0.999996,4.20792e-06
id02161,0.996962,3.3247e-05,0.00300469
id25535,0.983775,1.85762e-05,0.0162062
id16566,0.999999,1.00676e-08,6.42968e-07
id05714,0.999996,6.87499e-07,3.31911e-06
id16524,0.00277843,0.996532,0.000689974
id23941,8.66669e-10,1.0,6.80443e-08
id00831,6.02735e-07,2.05164e-05,0.999979
id18145,0.997082,8.83796e-06,0.00290936
id17227,0.999999,3.0664e-07,6.09627e-07
id09417,0.999975,4.99729e-06,2.02492e-05
id21307,0.67627,0.322239,0.00149173
id05650,4.79913e-08,0.999999,5.73866e-07
id23901,0.989573,0.00536658,0.00506013
id05831,1.0,3.884e-12,8.32782e-09
id16708,0.000891642,0.99416,0.00494845
id02281,0.337998,0.00279881,0.659204
id11599,0.00021228,1.35485e-05,0.999774
id18353,9.3583e-05,0.999712,0.000194006
id07413,0.896375,0.0928166,0.0108087
id15653,0.0046617,0.98812,0.00721802
id09715,3.58678e-06,5.3765e-09,0.999996
id05108,0.00138519,0.99837,0.000244324
id09537,0.99361,0.000301655,0.00608863
id27596,1.0,9.21616e-08,5.62232e-08
id24255,0.014837,9.85889e-05,0.985064
id05080,3.95153e-09,3.34928e-11,1.0
id09484,0.999998,4.9353e-08,1.85979e-06
id14864,0.000119817,1.95986e-06,0.999878
id26836,0.999067,0.000353466,0.000579087
id07003,1.0,9.75072e-08,4.80566e-08
id13750,1.72103e-07,1.0,1.60265e-07
id21799,5.5092e-05,0.00144881,0.998496
id11285,1.0,2.06889e-13,3.05532e-14
id04735,0.999999,3.51724e-07,7.66164e-07
id23049,1.5554e-09,1.30606e-07,1.0
id05826,0.999824,0.000146601,2.93511e-05
id17916,5.90198e-05,0.997942,0.00199939
id14081,0.00014538,1.23217e-08,0.999855
id10527,0.000108785,2.26928e-07,0.999891
id16059,0.00129646,0.987189,0.0115143
id25542,1.0,2.59899e-08,4.0098e-11
id05402,0.404249,0.0688024,0.526949
id01927,0.995492,0.000279299,0.00422853
id27656,0.331899,0.00693583,0.661165
id06708,0.00562818,0.541767,0.452605
id03524,0.000101204,0.999826,7.29319e-05
id12297,1.0,5.60326e-10,2.42573e-07
id03439,1.0,8.17869e-08,1.42459e-08
id04587,1.04708e-08,0.999999,1.29975e-06
id25470,3.54414e-12,1.0,2.91806e-12
id01212,8.10402e-08,1.0,2.10648e-07
id13932,0.999988,5.2092e-06,6.608e-06
id00124,7.2981e-06,1.71676e-07,0.999992
id01592,0.999962,8.63297e-06,2.95016e-05
id13461,0.999981,3.20368e-06,1.54555e-05
id24681,2.21055e-05,0.996105,0.00387276
id23245,0.000325335,1.56092e-06,0.999673
id14073,0.000354867,0.00709077,0.992554
id05172,0.901323,3.61909e-05,0.0986405
id21979,0.665144,0.000948133,0.333908
id00328,0.999968,1.63243e-06,3.03494e-05
id26102,0.99999,9.86361e-06,2.52109e-07
id14867,0.252739,0.00155741,0.745704
id27544,0.00197082,0.998029,1.53159e-07
id16228,0.999982,4.14444e-07,1.8076e-05
id16342,0.977946,0.019698,0.00235654
id24933,1.0,1.31825e-09,1.46476e-07
id04601,0.745065,0.00100685,0.253928
id01599,2.7386e-09,1.0,1.05204e-08
id06238,0.999821,0.000173664,5.76048e-06
id06826,0.215167,0.189203,0.59563
id23307,1.0,8.52234e-10,9.72419e-11
id13575,0.988069,0.0101837,0.0017476
id24174,0.956079,4.7574e-07,0.0439209
id19534,0.361962,0.0993422,0.538696
id19602,6.89184e-06,5.72828e-09,0.999993
id26962,1.15331e-06,0.999988,1.04092e-05
id04448,0.52178,0.478205,1.51362e-05
id09786,0.664847,0.334824,0.000328938
id25240,0.998142,0.000785318,0.00107233
id14893,0.999965,3.39384e-05,7.00764e-07
id24221,0.999997,1.09569e-06,1.54597e-06
id04696,6.40521e-05,1.3507e-09,0.999936
id15153,3.2933e-06,0.99999,6.14067e-06
id13882,4.6707e-17,1.0,1.18603e-13
id17836,0.976543,0.0228638,0.000593358
id00574,9.17724e-07,0.999999,6.56235e-08
id02078,8.37518e-05,0.347998,0.651919
id21206,5.37191e-06,0.999984,1.09653e-05
id20084,0.00161092,4.17436e-06,0.998385
id26598,4.65821e-07,8.44597e-08,0.999999
id06838,0.00144513,1.11838e-05,0.998544
id08786,7.89129e-07,9.53431e-07,0.999998
id09550,0.000223952,2.7444e-05,0.999749
id10206,0.999947,5.94301e-06,4.69144e-05
id21113,0.999984,1.09235e-06,1.48533e-05
id21151,0.0130003,0.986247,0.000752479
id02692,1.0,6.99449e-12,1.52251e-11
id26446,0.888599,0.000697275,0.110703
id07377,0.969693,0.0301607,0.000146337
id15998,0.994575,0.00538465,4.05815e-05
id19637,1.0,5.70942e-09,2.1339e-07
id19735,5.86031e-05,0.999835,0.000106779
id13739,9.90427e-06,4.56097e-05,0.999944
id25175,0.976351,0.0188482,0.00480051
id00563,0.0030495,0.00420519,0.992745
id09982,0.999957,1.22195e-06,4.16264e-05
id15459,3.49171e-09,1.0,4.99077e-09
id20785,2.92173e-08,6.49483e-06,0.999993
id07145,1.32205e-07,0.175125,0.824875
id22204,0.00205507,0.996855,0.00109005
id09285,0.999801,4.42136e-06,0.000194804
id18157,0.00290577,4.59348e-05,0.997048
id12134,3.17239e-07,6.91091e-08,1.0
id23914,1.0,5.31538e-08,2.35664e-07
id10483,0.997815,0.00203305,0.000151512
id07092,0.513469,0.000639952,0.485891
id14786,1.51801e-05,9.34833e-05,0.999891
id25741,0.67018,7.15745e-07,0.329819
id09050,0.999724,0.000234311,4.15946e-05
id04938,0.00056537,1.02084e-05,0.999424
id05901,0.985732,4.65959e-06,0.0142632
id16975,1.82405e-06,0.999998,8.82509e-08
id08547,2.82228e-10,2.34324e-13,1.0
id16355,0.948963,0.000297215,0.0507403
id14568,0.998861,6.10626e-07,0.00113875
id25599,8.2256e-07,0.000148566,0.999851
id01670,1.94218e-09,1.0,1.36218e-10
id23945,2.85914e-06,0.999997,2.33706e-09
id17394,3.28546e-05,2.25974e-07,0.999967
id06501,0.00609497,0.990735,0.00316965
id26234,0.000120617,0.990501,0.0093788
id21280,0.0001291,9.83872e-11,0.999871
id20048,1.09573e-05,0.41605,0.583939
id01216,0.322722,0.639547,0.0377313
id25320,0.999999,5.69878e-08,1.18318e-06
id22833,0.0302214,0.255102,0.714676
id22056,0.00662204,0.983563,0.0098146
id02275,7.19392e-08,1.0,1.52808e-07
id26127,0.0675673,0.000102661,0.93233
id17011,4.51985e-09,1.0,1.4996e-10
id13847,0.0224452,0.000973707,0.976581
id00013,2.40301e-06,0.999996,1.20042e-06
id16463,0.981524,0.013117,0.00535851
id04845,3.60981e-05,0.999964,2.26569e-07
id01787,0.0681711,0.56848,0.363349
id08637,0.999505,0.000472601,2.21587e-05
id11414,3.55242e-12,2.1571e-14,1.0
id13177,0.437861,0.0324688,0.52967
id24517,0.999998,1.74943e-06,2.61021e-08
id26838,0.986443,0.000157723,0.0133997
id23081,1.36167e-06,0.999995,4.22965e-06
id16327,5.5517e-07,0.999056,0.000943231
id27282,2.65824e-05,0.999118,0.000855529
id07489,0.997346,6.94622e-05,0.0025842
id01718,1.19949e-09,1.172e-10,1.0
id15441,0.998038,0.000543487,0.00141881
id27736,9.83851e-09,0.999405,0.000594644
id16324,1.80204e-08,0.995195,0.0048053
id12027,8.36808e-05,8.10498e-06,0.999908
id24653,6.70054e-10,1.0,3.0484e-10
id17541,0.999998,6.23264e-07,1.41563e-06
id22406,0.00262627,0.81414,0.183234
id18356,0.999978,3.24128e-06,1.87205e-05
id04505,0.953871,0.0198373,0.0262915
id04246,0.318343,0.276364,0.405293
id07368,0.134477,0.000238335,0.865284
id26185,5.6255e-08,6.32402e-10,1.0
id08878,0.000577062,0.000119015,0.999304
id27691,2.38501e-07,3.64054e-08,1.0
id18004,0.997344,0.00058161,0.00207448
id24426,0.999985,1.08878e-05,4.16964e-06
id14164,0.999989,2.81191e-06,8.53651e-06
id12653,1.92472e-09,1.0,5.25112e-08
id18060,0.00751995,0.00164447,0.990836
id18556,0.999595,0.000112101,0.000292608
id27371,0.000231045,0.999223,0.000546141
id11989,0.00311756,0.983728,0.0131543
id26095,0.881806,0.118123,7.1549e-05
id24978,9.11338e-05,9.46802e-05,0.999814
id20322,0.999105,2.7967e-05,0.000866923
id01954,0.99558,0.00440631,1.33135e-05
id07434,0.964912,0.0209717,0.0141162
id18144,2.89865e-10,5.54936e-09,1.0
id16250,1.70874e-05,0.999877,0.000106247
id17793,5.24142e-08,1.0242e-09,1.0
id24067,0.00867044,9.47675e-05,0.991235
id13891,0.00188017,6.85819e-08,0.99812
id07334,0.000242993,0.998408,0.00134883
id15633,4.17088e-05,0.999926,3.20795e-05
id23239,0.999999,9.90334e-09,1.05328e-06
id10674,0.24597,0.179965,0.574065
id22093,0.0267642,0.830814,0.142422
id08444,0.00167083,0.00558909,0.99274
id03257,3.98329e-06,4.56248e-05,0.99995
id10040,0.552462,0.434632,0.0129059
id04902,6.51242e-05,3.90625e-06,0.999931
id01219,0.999832,9.52063e-05,7.29345e-05
id01340,0.998806,0.000540493,0.000653679
id05117,7.8229e-10,1.0,9.13635e-11
id04908,0.000560436,4.98425e-08,0.99944
id03626,6.02085e-07,5.03144e-11,0.999999
id01888,1.0,9.75327e-08,2.23922e-07
id17199,7.18462e-07,2.88263e-08,0.999999
id11200,0.998877,0.000777177,0.000346261
id27561,0.917535,0.000274458,0.0821906
id20966,1.80952e-06,0.999985,1.3544e-05
id10257,1.31133e-07,1.0,1.0032e-07
id21168,1.66333e-07,0.804074,0.195926
id23363,6.09601e-06,4.33689e-08,0.999994
id05321,0.966874,8.08628e-06,0.0331182
id09928,2.85833e-07,7.17642e-11,1.0
id18015,1.0,1.61908e-08,1.26508e-09
id02082,1.63549e-07,1.0,1.14997e-08
id19279,0.376567,0.011012,0.612421
id08541,0.0189662,0.936519,0.0445147
id15249,6.98583e-09,1.0,2.74982e-10
id03609,0.00119174,0.292292,0.706516
id22902,1.96102e-07,4.13735e-08,1.0
id17733,1.0,6.23534e-11,6.0202e-13
id07554,1.16025e-07,2.10885e-06,0.999998
id14120,0.733128,2.04022e-05,0.266851
id21802,0.000109966,0.999877,1.25911e-05
id15614,0.000476173,0.99952,4.13739e-06
id19437,7.08642e-10,1.91469e-13,1.0
id22698,0.992758,0.00302935,0.00421266
id21841,2.29183e-07,1.0,1.49052e-11
id16177,0.315602,0.682454,0.00194425
id15887,3.2732e-06,4.35869e-06,0.999992
id22629,0.999985,2.64593e-07,1.51335e-05
id10346,0.999854,3.31821e-06,0.000142151
id05154,0.992388,0.00238563,0.00522602
id22913,0.00162572,0.996619,0.00175536
id10544,0.0518118,0.83783,0.110358
id08703,0.833801,0.109665,0.0565333
id12817,0.0615807,0.00250264,0.935917
id25433,0.999895,2.3063e-05,8.15324e-05
id25112,0.00031669,9.58428e-07,0.999682
id05054,1.02135e-08,0.999989,1.14255e-05
id02311,0.319403,0.679685,0.000912489
id22160,0.000226483,0.997812,0.00196142
id17422,1.0,1.02001e-09,5.29261e-10
id18985,0.999882,4.47793e-05,7.33984e-05
id21905,4.80229e-05,5.15648e-08,0.999952
id17474,1.0,9.46618e-08,3.29304e-07
id15236,5.59302e-11,1.0,1.47467e-09
id13964,0.998652,3.85887e-05,0.00130917
id15962,0.931025,0.0661232,0.00285191
id20866,9.54363e-05,0.821784,0.17812
id06625,0.999999,8.94735e-10,1.43688e-06
id09793,0.999128,9.78947e-05,0.000774382
id17365,3.72514e-11,1.0,3.88897e-10
id18463,9.35427e-05,0.999882,2.48216e-05
id20693,0.00215501,0.0731965,0.924648
id08785,4.29713e-07,0.999999,2.37884e-07
id06783,6.04502e-06,0.999988,5.48204e-06
id23178,3.95039e-06,7.91134e-10,0.999996
id13513,1.51088e-06,0.999957,4.1439e-05
id25361,4.74898e-06,6.68084e-07,0.999995
id22319,0.993397,0.00536401,0.00123881
id14024,0.00287822,0.000846746,0.996275
id24186,1.11345e-08,1.0,4.21193e-10
id20965,0.00898594,0.00186322,0.989151
id06242,0.00022874,0.00015268,0.999619
id25665,3.32841e-05,0.00119761,0.998769
id09706,0.99964,3.33411e-06,0.000356241
id11026,3.21879e-12,1.0,3.97646e-08
id04223,0.999675,0.000322333,3.07124e-06
id19674,6.46568e-07,0.999998,1.30301e-06
id23420,9.52453e-05,0.61221,0.387694
id18059,0.000296343,0.999571,0.000133062
id22576,1.0,3.20575e-07,1.1813e-07
id18495,1.5597e-15,1.0,1.83131e-14
id14139,1.0,2.74348e-08,2.74919e-08
id18313,0.317187,0.385557,0.297256
id27356,1.0,9.1635e-09,1.95708e-09
id16035,0.00072439,2.04209e-07,0.999275
id04182,0.0396657,0.0818537,0.878481
id15667,0.999848,0.000150842,6.37995e-07
id08713,1.0,9.6159e-08,1.71935e-09
id25563,3.18472e-11,1.0,3.50411e-10
id17023,0.999999,6.11542e-07,4.49571e-08
id03014,1.86426e-11,1.0,2.26849e-10
id23812,0.169255,0.830742,2.31507e-06
id20057,0.000281597,0.000323107,0.999395
id12385,0.194854,6.01668e-05,0.805086
id24416,0.581121,0.417847,0.00103172
id15672,1.22243e-11,1.0,1.11946e-08
id13868,1.0,2.38254e-07,2.76855e-09
id21095,0.482788,0.428759,0.0884527
id05305,0.999305,0.000266336,0.000428145
id15384,3.74759e-05,0.0598643,0.940098
id14049,1.62331e-08,1.66489e-10,1.0
id23441,0.997024,0.00139602,0.0015802
id12856,1.70993e-06,2.62061e-11,0.999998
id16055,2.98016e-10,2.38211e-08,1.0
id24771,0.826109,0.152909,0.0209827
id14053,0.994868,1.50466e-05,0.00511664
id19547,1.89881e-05,0.0899478,0.910033
id03639,1.4084e-08,1.0,2.36094e-08
id14546,4.61727e-06,0.999605,0.000390588
id13935,0.999987,1.65482e-09,1.2678e-05
id20335,0.265974,0.720501,0.013525
id07301,1.06514e-06,1.80352e-05,0.999981
id10186,0.999974,3.17486e-07,2.56185e-05
id00192,0.000264193,0.99973,6.21354e-06
