id,EAP,HPL,MWS
id02310,0.213888,0.00596875,0.780143
id24541,0.992547,0.00666414,0.000788348
id00134,0.121516,0.851386,0.0270979
id27757,0.750431,0.232138,0.0174307
id04081,0.885047,0.092189,0.0227639
id27337,0.64197,0.341536,0.0164939
id24265,0.941744,0.02069,0.0375657
id25917,0.0989255,0.627256,0.273818
id04951,0.984826,0.014613,0.000561512
id14549,0.779777,0.0544055,0.165817
id22505,0.252002,0.0335627,0.714436
id24002,0.0351419,0.957873,0.00698494
id18982,0.608169,0.377568,0.014263
id15181,0.0310044,0.963133,0.0058624
id21888,0.786209,0.0409034,0.172888
id12035,0.215429,0.0151667,0.769404
id17991,0.661795,0.0316552,0.30655
id10707,0.998932,0.000628106,0.000440137
id07101,0.0563711,0.00926635,0.934363
id00345,0.563583,0.424301,0.012116
id05912,0.929374,0.0289383,0.0416879
id13443,0.76596,0.222666,0.0113733
id09248,0.271702,0.096531,0.631767
id17542,0.514104,0.0715413,0.414355
id06995,0.261641,0.0368967,0.701462
id25159,0.832519,0.0492643,0.118217
id25729,0.7227,0.192456,0.0848438
id26949,0.913041,0.0752464,0.011712
id27191,0.680748,0.00634431,0.312908
id07668,0.740289,0.00244692,0.257264
id02230,0.0987244,0.332857,0.568418
id15553,0.99595,0.001472,0.00257766
id25688,0.0148592,0.942352,0.0427892
id17545,0.967468,0.00966602,0.022866
id13929,0.158774,0.460796,0.380431
id12880,0.11097,0.76149,0.12754
id19282,0.880971,0.0544135,0.0646154
id14690,0.0252978,0.00187875,0.972823
id17975,0.00268702,0.995443,0.0018703
id08037,0.997632,0.00111608,0.00125184
id15412,0.437261,0.0243923,0.538347
id25032,0.40667,0.115355,0.477975
id27165,0.991443,0.00481848,0.00373859
id03327,0.154773,0.828672,0.0165557
id18515,0.995187,0.00124521,0.00356796
id21003,0.0740211,0.0174874,0.908491
id23855,0.120213,0.568744,0.311043
id20724,0.873426,0.0670114,0.0595628
id13303,0.84724,0.0311259,0.121634
id16521,0.0357267,0.621559,0.342714
id20775,0.999262,0.000638881,9.91229e-05
id13029,0.853074,0.0809842,0.0659421
id14660,0.87853,0.0653081,0.0561618
id11028,0.0869541,0.0012513,0.911795
id14180,0.982659,0.0124271,0.00491382
id25860,0.994062,0.00566546,0.000272496
id11910,0.811145,0.00589857,0.182956
id08065,0.077286,0.103841,0.818873
id22674,0.0229704,0.00114674,0.975883
id25018,0.854408,0.0268355,0.118757
id10892,0.0281803,0.968959,0.00286042
id10217,0.253744,0.72571,0.0205458
id12996,0.368421,0.0770499,0.554529
id18262,0.925183,0.0239843,0.0508326
id08606,0.00239429,0.993282,0.00432325
id17233,0.94122,0.0102386,0.048541
id00101,0.973948,0.00881829,0.0172337
id12225,0.719612,0.163872,0.116516
id01364,0.124736,0.847997,0.0272672
id24973,0.735904,0.00850378,0.255592
id25363,0.959193,0.000784165,0.040023
id10061,0.772924,0.189963,0.0371123
id17673,0.0829919,0.875746,0.0412622
id13249,0.233109,0.0670366,0.699854
id10107,0.0467532,0.00476834,0.948478
id04403,0.981655,0.00391946,0.0144255
id25728,0.89626,0.0278643,0.0758757
id16184,0.376333,0.178792,0.444875
id03438,0.0146412,0.00049665,0.984862
id22923,0.0612778,0.935135,0.00358697
id08610,0.977298,0.00233337,0.0203688
id25355,0.115286,0.0407833,0.843931
id16916,0.37582,0.551312,0.0728685
id12793,0.204692,0.778372,0.0169355
id11859,0.696818,0.0444519,0.25873
id02434,0.999097,0.000795332,0.000108075
id27703,0.0560102,0.00656364,0.937426
id25212,0.425142,0.479466,0.0953917
id11308,0.209742,0.24533,0.544928
id26094,0.956916,0.0384048,0.00467883
id22080,0.892588,0.0923442,0.0150681
id03545,0.993335,0.00599955,0.000665117
id23725,0.0155507,0.139168,0.845281
id12009,0.75858,0.170268,0.0711521
id24241,0.31456,0.100395,0.585046
id03596,0.0632318,0.9328,0.00396854
id10749,0.0480796,0.946595,0.00532516
id22794,0.00361615,0.0021142,0.99427
id15482,0.0970653,0.188809,0.714126
id04833,0.774456,0.112963,0.112581
id00397,0.483945,0.00348521,0.51257
id14691,0.262856,0.0134904,0.723653
id05193,0.0204878,0.00405423,0.975458
id19541,0.954271,0.0352355,0.0104935
id22166,0.00810338,0.00101077,0.990886
id20744,0.115844,0.0119194,0.872237
id10392,0.0168761,0.000742713,0.982381
id00770,0.971975,0.0214199,0.00660535
id06018,0.840394,0.139876,0.0197296
id15678,0.611309,0.0106572,0.378034
id08305,0.986509,0.00759733,0.00589403
id08903,0.907056,0.0158367,0.0771072
id14752,0.680003,0.306719,0.013278
id12468,0.0627507,0.934977,0.00227193
id05085,0.720703,0.208898,0.0703996
id21993,0.358185,0.0515722,0.590242
id15503,0.855844,0.13528,0.00887662
id03021,0.00670874,0.991006,0.00228527
id16123,0.999938,4.34722e-05,1.85342e-05
id19383,0.968982,0.0296895,0.00132839
id04186,0.977861,0.00802319,0.0141154
id17954,0.0531365,0.0028863,0.943977
id12030,0.264928,0.00278887,0.732283
id13020,0.917148,0.0507907,0.0320618
id25327,0.0622914,0.797449,0.140259
id16344,0.267312,0.133407,0.599281
id12303,0.576031,0.372989,0.0509804
id15017,0.993712,0.00503306,0.00125457
id22308,0.481092,0.015111,0.503797
id06536,0.0208696,0.0495011,0.929629
id19797,0.167111,0.340796,0.492094
id06332,0.581139,0.398689,0.0201723
id22941,0.190209,0.0515351,0.758256
id13547,0.0473279,0.141378,0.811294
id06928,0.100441,0.00252235,0.897037
id12521,0.248427,0.737176,0.0143969
id25716,0.761416,0.0275111,0.211073
id27116,0.0552425,0.00118535,0.943572
id19941,0.0359544,0.956221,0.00782496
id05711,0.0414,0.0194654,0.939135
id02097,0.0249977,0.0600192,0.914983
id03563,0.0206787,0.976763,0.00255794
id02295,0.329269,0.574441,0.0962898
id08179,0.99224,0.00513945,0.00262014
id05332,0.00694341,0.989957,0.00309936
id15697,0.942374,0.0142248,0.0434012
id17026,0.0774093,0.0300063,0.892584
id04243,0.900575,0.0864841,0.0129405
id13175,0.999965,3.32006e-05,1.66282e-06
id05387,0.991819,0.00569266,0.00248794
id19989,0.890595,0.0692274,0.0401777
id25173,0.0400052,0.00334027,0.956655
id08925,0.843717,0.101788,0.0544952
id03034,0.0455427,0.899232,0.0552257
id13272,0.00152328,0.997348,0.00112853
id07956,0.952452,0.00661002,0.0409383
id02648,0.458032,0.18111,0.360857
id01778,0.0771971,0.00570229,0.917101
id12846,0.00550853,0.00148878,0.993003
id19001,0.344125,0.0612016,0.594673
id05763,0.874317,0.0235715,0.102111
id15590,0.172423,0.00907867,0.818498
id04912,0.909022,0.0761124,0.0148653
id21201,0.547632,0.220784,0.231583
id13215,0.954385,0.0116848,0.03393
id15612,0.0461453,0.907543,0.046312
id18501,0.542035,0.0853598,0.372605
id07223,0.500311,0.138054,0.361636
id06707,0.219903,0.560149,0.219948
id05238,0.000559929,0.999335,0.000105423
id00935,0.150739,0.114084,0.735177
id00110,0.362874,0.0401273,0.596999
id17476,0.951784,0.0307168,0.0174996
id15170,0.995921,0.00275997,0.0013194
id13397,0.55807,0.267138,0.174792
id24283,0.423212,0.414198,0.16259
id15234,0.985847,0.0119468,0.0022063
id16884,0.374415,0.551793,0.0737922
id07831,0.220488,0.740146,0.039366
id16038,0.938333,0.0395105,0.0221564
id03629,0.931122,0.0314527,0.0374251
id21019,0.775447,0.128565,0.0959882
id21835,0.667683,0.0756175,0.2567
id04480,0.051533,0.944595,0.00387227
id20838,0.435678,0.539273,0.0250488
id24195,0.151129,0.114171,0.7347
id05448,0.673205,0.266765,0.0600303
id15957,0.210145,0.642968,0.146887
id19956,0.0386202,0.000489875,0.96089
id15104,0.0405976,0.179201,0.780202
id17559,0.89204,0.0580586,0.0499018
id16839,0.31824,0.461664,0.220096
id14493,0.790398,0.00611859,0.203483
id08833,0.555838,0.135383,0.308779
id15723,0.225413,0.0484651,0.726122
id02716,0.999353,0.000502845,0.000143626
id06689,0.0178519,0.972778,0.0093698
id18837,0.153773,0.0738105,0.772417
id04466,0.974018,0.019409,0.00657353
id00686,0.951481,0.0238587,0.0246605
id09010,0.255566,0.715653,0.0287809
id23353,0.989083,0.00291869,0.00799776
id00066,0.735886,0.156801,0.107313
id15724,0.0217178,0.969223,0.00905941
id23486,0.0875656,0.00530329,0.907131
id22258,0.0307249,0.0120297,0.957245
id02292,0.853942,0.0413514,0.104707
id16356,0.287758,0.0267466,0.685495
id00235,0.933073,0.0160681,0.0508593
id25522,0.074238,0.0020702,0.923692
id04204,0.513524,0.41013,0.0763457
id22016,0.795388,0.077898,0.126714
id06480,0.0441552,0.950831,0.00501344
id08718,0.85924,0.0230111,0.117749
id05251,0.0016872,0.993723,0.00458937
id03359,0.897713,0.0450369,0.0572496
id16117,0.112489,0.00833971,0.879171
id17000,0.00123445,0.998153,0.000612733
id01730,0.0850898,0.90951,0.00539975
id00630,0.803957,0.164357,0.0316864
id18175,0.249795,0.0280373,0.722168
id00907,0.898579,0.0133421,0.0880793
id18251,0.0107538,0.988084,0.00116252
id25861,0.559836,0.321595,0.118569
id00398,0.762106,0.103177,0.134717
id27573,0.99858,0.000484581,0.000935236
id10022,0.232743,0.244445,0.522812
id15901,0.0918738,0.00181793,0.906308
id00451,0.20538,0.100195,0.694425
id23129,0.290959,0.6325,0.0765416
id26498,0.52926,0.433529,0.0372109
id14741,0.790963,0.164671,0.0443661
id18453,0.204004,0.0123782,0.783618
id08309,0.956273,0.0308903,0.0128369
id00320,0.994881,0.00384032,0.00127869
id07688,0.234447,0.043643,0.72191
id01556,0.0138855,0.00146736,0.984647
id00178,0.823859,0.073256,0.102884
id18902,0.062744,0.155588,0.781668
id27002,0.617496,0.269446,0.113058
id21418,0.998817,0.00109518,8.73691e-05
id23018,0.213744,0.0301137,0.756142
id07032,0.823429,0.0687205,0.10785
id16195,0.844387,0.0163075,0.139305
id11202,0.112677,0.704886,0.182438
id09578,0.849207,0.0627426,0.0880507
id26984,0.648637,0.0130183,0.338345
id19856,0.00254731,0.997082,0.000370723
id12086,0.616852,0.0135162,0.369632
id12052,0.178158,0.0169525,0.80489
id17728,0.0582484,0.0538923,0.887859
id24608,0.824364,0.0284719,0.147164
id21097,0.498577,0.06792,0.433503
id20179,0.000348346,0.000558235,0.999093
id15144,0.725742,0.131711,0.142546
id00206,0.988719,0.00561962,0.00566164
id22285,0.0860553,0.011589,0.902356
id06417,0.0771314,0.170954,0.751915
id00215,0.0890046,0.906567,0.00442869
id04201,0.150784,0.291185,0.558032
id21771,0.542795,0.0333724,0.423833
id12451,0.0734392,0.46034,0.466221
id14250,0.0674524,0.78783,0.144717
id03433,0.699687,0.280069,0.0202444
id03303,0.0625426,0.0082572,0.9292
id25901,0.479521,0.198151,0.322328
id06945,0.824412,0.0238838,0.151704
id05664,0.629057,0.214224,0.156719
id05741,0.999336,0.000497094,0.000166566
id10652,0.868429,0.049594,0.0819771
id16300,0.93809,0.0231109,0.0387994
id12319,0.699935,0.0440491,0.256016
id07500,0.0330948,0.96535,0.00155496
id12478,0.389023,0.322083,0.288894
id03076,0.0794423,0.00192534,0.918632
id00969,0.318226,0.553332,0.128443
id23636,0.0717041,0.904113,0.0241835
id09791,0.252661,0.073613,0.673726
id05680,0.313844,0.593732,0.0924238
id03672,0.131169,0.733182,0.13565
id04286,0.0226986,0.918205,0.0590961
id23883,0.00593192,0.00831144,0.985757
id11914,0.849272,0.0161399,0.134588
id20974,0.0176331,0.976558,0.00580935
id26125,0.147416,0.0117186,0.840866
id15543,0.220446,0.00798515,0.771569
id19471,0.964861,0.0142581,0.0208811
id11503,0.902683,0.0638145,0.0335025
id09321,0.42978,0.297498,0.272722
id25560,0.00178336,0.000489671,0.997727
id06726,0.152257,0.0210586,0.826684
id05709,0.974024,0.00654538,0.0194302
id09788,0.560086,0.114013,0.3259
id05289,0.99914,0.000698199,0.000161493
id11815,0.0114485,0.985705,0.00284676
id22422,0.906924,0.0421626,0.0509137
id25954,0.879839,0.0963199,0.0238408
id13601,0.900577,0.0345453,0.0648773
id05677,0.701041,0.0252398,0.273719
id10498,0.0727223,0.922926,0.00435175
id02665,0.422921,0.52404,0.0530397
id10114,0.0812856,0.753492,0.165223
id26314,0.944552,0.026528,0.0289199
id21240,0.144721,0.0290145,0.826264
id15569,0.991727,0.00628878,0.00198425
id25928,0.621749,0.0388379,0.339413
id22706,0.0843205,0.897397,0.0182821
id20877,0.00348167,0.985858,0.0106606
id04318,0.850563,0.0541243,0.0953126
id18299,0.494711,0.386255,0.119034
id08126,0.289959,0.00176924,0.708272
id14293,0.0898412,0.00456253,0.905596
id12759,0.951288,0.0192165,0.0294958
id11983,0.553975,0.249082,0.196943
id05580,0.714962,0.239228,0.0458102
id25846,0.243125,0.376227,0.380648
id01939,0.594497,0.0433477,0.362155
id26327,0.229103,0.0541842,0.716713
id11068,0.0150342,0.000241697,0.984724
id08404,0.737088,0.012163,0.250749
id27189,0.954832,0.0417366,0.00343141
id15119,0.00291257,0.99515,0.00193763
id26525,0.987919,0.00275494,0.00932598
id03618,0.436925,0.530475,0.0325998
id27220,0.988075,0.0105705,0.00135487
id18777,0.211544,0.0155651,0.772891
id20213,0.752222,0.0692782,0.1785
id20403,0.946855,0.0342892,0.0188557
id03777,0.148774,0.00354905,0.847677
id10595,0.0113385,0.988171,0.000490601
id13816,0.419018,0.0123455,0.568637
id05667,0.0848035,0.00153982,0.913657
id24629,0.742946,0.0340914,0.222963
id20398,0.142569,0.402358,0.455073
id14108,0.00762859,0.00216767,0.990204
id06196,0.0227849,0.974756,0.0024595
id02800,0.175251,0.789156,0.0355925
id18732,0.000577549,0.999134,0.00028855
id11915,0.0112607,0.972677,0.0160621
id09739,0.976724,0.00765952,0.0156168
id24672,0.981265,0.0136209,0.00511456
id00414,0.218206,0.00763341,0.774161
id16307,0.737773,0.0846825,0.177545
id14043,0.11743,0.0138397,0.86873
id00517,0.00392902,4.18575e-05,0.996029
id09744,0.983287,0.0149811,0.00173195
id19257,0.964398,0.0276361,0.00796592
id15437,0.552589,0.386695,0.0607159
id16352,0.105982,0.0182106,0.875807
id18849,0.62528,0.0337381,0.340982
id19434,0.00146003,0.997598,0.000941779
id17928,0.057243,0.00990701,0.93285
id16896,0.0382708,0.00955874,0.95217
id02135,0.228282,0.320703,0.451015
id15075,0.877237,0.0914024,0.031361
id27486,0.235524,0.738639,0.0258375
id19422,0.974605,0.0214232,0.00397231
id09603,0.0663559,0.924046,0.0095981
id02133,0.0320888,0.945097,0.0228145
id03441,0.933977,0.00728297,0.0587402
id02398,0.0330367,0.965412,0.00155077
id05152,0.259317,0.014069,0.726614
id17838,0.797125,0.0451829,0.157692
id25060,0.926962,0.0724092,0.000629045
id09998,0.144431,0.0438795,0.811689
id01828,0.00728295,0.985081,0.00763572
id25377,0.690749,0.0365828,0.272668
id22175,0.0631148,0.924746,0.0121391
id02974,0.0230641,0.00947672,0.967459
id26955,0.981973,0.0145141,0.00351344
id21091,0.974591,0.00398521,0.0214239
id12802,0.97767,0.0160366,0.00629342
id07432,0.000763959,0.998587,0.000648546
id18749,0.0172954,0.759537,0.223167
id15030,0.0138369,0.0614633,0.9247
id17155,0.115313,0.858672,0.0260145
id08128,0.0157144,0.910398,0.0738873
id25706,0.000414895,0.998976,0.000609605
id15645,0.973711,0.0171438,0.00914501
id04943,0.926722,0.0632624,0.0100159
id27566,0.128846,0.00699938,0.864155
id11765,0.303179,0.24488,0.45194
id13783,0.722345,0.159353,0.118302
id00492,0.0347694,0.039871,0.92536
id27636,0.06213,0.0131021,0.924768
id04273,0.950484,0.0436741,0.00584189
id02537,0.376779,0.14815,0.475071
id24349,0.933794,0.064143,0.00206262
id00023,0.00317453,0.976397,0.0204282
id23025,0.814077,0.179924,0.00599866
id08722,0.930445,0.0111487,0.0584059
id02420,0.998251,0.00166743,8.12457e-05
id10811,0.974113,0.00692728,0.0189601
id04019,0.0344188,0.00153354,0.964048
id18334,0.974946,0.0155599,0.00949427
id16781,0.890385,0.0866582,0.0229563
id08773,0.946532,0.0492628,0.00420529
id19214,0.793903,0.0642213,0.141876
id09589,0.0256192,0.901161,0.0732201
id24246,0.982211,0.00782833,0.0099606
id23577,0.87352,0.107472,0.0190078
id09305,0.941297,0.0269151,0.0317881
id16460,0.781609,0.106245,0.112146
id21115,0.787332,0.0771071,0.135561
id25996,0.756318,0.158053,0.0856298
id02551,0.0404242,0.00583465,0.953741
id19352,0.0527858,0.00206216,0.945152
id03806,0.513369,0.0176089,0.469022
id26544,0.906829,0.0365947,0.0565766
id18761,0.792019,0.0321744,0.175807
id24148,0.0460143,0.949292,0.00469392
id16095,0.0551133,0.880289,0.0645979
id18442,0.805349,0.106279,0.088372
id22596,0.0400298,0.00344826,0.956522
id23002,0.0862287,0.00581693,0.907954
id04797,0.993856,0.00406106,0.00208258
id06610,0.227804,0.0182855,0.75391
id16173,0.440939,0.203612,0.355449
id18292,0.0346749,0.0149929,0.950332
id27328,0.962379,0.0206125,0.0170085
id01695,0.138847,0.553624,0.307529
id05761,0.914683,0.00991504,0.0754024
id16354,0.976632,0.00520294,0.0181647
id12207,0.222198,0.325892,0.45191
id05665,0.108526,0.0221109,0.869363
id01911,0.823238,0.105185,0.0715774
id19153,0.0731131,0.0194029,0.907484
id10295,0.494464,0.349852,0.155684
id23038,0.258474,0.603394,0.138131
id23783,0.0795078,0.918288,0.00220422
id27879,0.905357,0.0875122,0.00713038
id19190,0.037717,0.95524,0.00704313
id05065,0.979791,0.00886636,0.0113429
id21296,0.0292266,0.947831,0.0229424
id13262,0.190574,0.618269,0.191157
id10333,0.874703,0.0792933,0.0460042
id16677,0.831468,0.143066,0.0254655
id01392,0.423634,0.0266332,0.549732
id27874,0.794621,0.116067,0.0893123
id02294,0.103583,0.82025,0.0761667
id18298,0.0127883,0.0065436,0.980668
id06997,0.983795,0.01227,0.00393563
id05243,0.72367,0.161356,0.114974
id00860,0.0158527,0.971153,0.012994
id26681,0.81234,0.151214,0.0364466
id06020,0.0262225,0.000177159,0.9736
id27683,0.512729,0.114556,0.372715
id17655,0.044144,0.949713,0.00614304
id08817,0.113372,0.111557,0.775071
id11512,0.00823505,0.0114189,0.980346
id00478,0.129212,0.0316712,0.839116
id02116,0.927078,0.0437695,0.0291522
id06746,0.847209,0.0341277,0.118664
id03863,0.37487,0.493997,0.131133
id01802,0.0956341,0.60657,0.297796
id11682,0.987461,0.00290771,0.00963162
id04033,0.014826,0.972807,0.0123667
id09286,0.422768,0.516043,0.0611887
id12904,0.967686,0.0279184,0.00439516
id07420,0.0494,0.00126717,0.949333
id22398,0.00177409,0.997979,0.000247492
id00424,0.131877,0.00724433,0.860879
id20960,0.995172,0.00324658,0.00158164
id10267,0.863823,0.0677002,0.0684773
id19330,0.661051,0.0147088,0.32424
id00994,0.000856173,0.998981,0.000162553
id10785,0.559662,0.144893,0.295445
id00955,0.148065,0.763993,0.0879425
id09757,0.00698683,0.991449,0.00156407
id10030,0.217106,0.0442209,0.738673
id22952,0.327505,0.510452,0.162043
id21955,0.0263358,0.0106994,0.962965
id07674,0.775835,0.12619,0.0979752
id13760,0.022449,0.976899,0.000652178
id18166,0.971543,0.00322359,0.0252332
id23498,0.916063,0.0698505,0.0140864
id05296,0.948945,0.0144974,0.0365577
id26709,0.556804,0.431588,0.0116082
id02853,0.962978,0.0299611,0.00706123
id06800,0.227419,0.0576875,0.714894
id14758,0.681074,0.231897,0.0870292
id12356,0.983736,0.0123722,0.00389134
id21492,0.714586,0.259037,0.0263772
id27540,0.941075,0.00134266,0.0575827
id07376,0.303704,0.571708,0.124588
id15201,0.456791,0.513006,0.0302026
id23388,0.00213387,0.993836,0.00403044
id13923,0.0830671,0.899457,0.017476
id00794,0.00040774,0.999342,0.000249893
id23910,0.885006,0.0130994,0.101894
id02556,0.0982153,0.0375419,0.864243
id22151,0.000497655,0.999395,0.000107047
id11698,0.174359,0.768037,0.0576031
id11627,0.64115,0.0248424,0.334008
id06340,0.969765,0.0156998,0.0145353
id05123,0.97104,0.00835113,0.0206086
id26620,0.0165945,0.00105573,0.98235
id04002,0.078364,0.0373235,0.884312
id26554,0.145474,0.760623,0.0939032
id18012,0.35901,0.155295,0.485695
id12964,0.167802,0.0400651,0.792133
id18965,0.0320759,0.383748,0.584177
id19082,0.0956601,0.00932376,0.895016
id26742,0.00746527,0.000578642,0.991956
id15442,0.183489,0.78186,0.0346516
id16647,0.35637,0.0262663,0.617364
id11544,0.430943,0.111512,0.457545
id20581,0.659019,0.126629,0.214352
id13192,0.169487,0.763541,0.0669717
id15814,0.191555,0.0541781,0.754267
id26279,0.0325367,0.963773,0.00369069
id00240,0.965481,0.0133076,0.0212116
id22836,0.984054,0.013799,0.00214729
id15085,0.0638204,0.739553,0.196627
id17495,0.206569,0.0242691,0.769162
id26762,0.985783,0.00489912,0.0093175
id13685,0.978303,0.00248508,0.0192119
id16560,0.0015608,0.99715,0.00128919
id17184,0.00317571,0.995686,0.00113858
id21635,0.999556,0.000215328,0.000228908
id26751,0.41712,0.486135,0.0967449
id12351,0.980909,0.00987994,0.00921069
id14872,0.774625,0.121467,0.103908
id18372,0.946105,0.0334271,0.020468
id26851,0.934965,0.0421637,0.0228709
id22659,0.57027,0.421881,0.0078495
id04102,0.0141415,0.000333955,0.985524
id02353,0.0225736,0.973207,0.0042198
id26721,0.992878,0.00556818,0.00155408
id11171,0.618868,0.00911235,0.37202
id13562,0.357397,0.390969,0.251634
id26425,0.873809,0.0567621,0.0694288
id26394,0.861715,0.0462336,0.0920513
id22187,0.296191,0.656747,0.0470624
id00422,0.999236,0.000664349,9.97093e-05
id22667,0.0523267,0.946987,0.000686305
id00911,0.381387,0.148645,0.469968
id17291,0.862969,0.00753839,0.129492
id01915,0.0670794,0.0169132,0.916007
id01434,0.407469,0.125233,0.467298
id01584,0.338871,0.128863,0.532266
id09266,0.905454,0.0261578,0.0683884
id17494,0.000429087,0.999173,0.000397665
id24919,0.398446,0.405752,0.195802
id21043,0.452758,4.78244e-05,0.547194
id17796,0.0057339,0.993294,0.00097167
id02166,0.68629,0.0022894,0.31142
id17503,0.88385,0.0053756,0.110774
id21203,0.549032,0.0840073,0.366961
id25626,0.999718,0.000251912,3.04585e-05
id09836,0.866251,0.124155,0.00959438
id24202,0.0649657,0.344808,0.590226
id27260,0.969212,0.0203526,0.0104353
id23167,0.00768177,0.000433159,0.991885
id10393,0.298344,0.576291,0.125365
id01171,0.698984,0.269501,0.0315146
id06380,0.981494,0.0117534,0.00675274
id22686,0.0476778,0.00416485,0.948157
id26250,0.116974,0.00796397,0.875062
id09315,0.134819,0.691345,0.173836
id00886,0.315603,0.418945,0.265453
id03101,0.886456,0.0484383,0.0651053
id12367,0.621868,0.0187754,0.359356
id10770,0.826174,0.0118626,0.161964
id14949,0.0528655,0.940687,0.00644791
id14141,0.0920743,0.898386,0.00953923
id25417,0.686367,0.289518,0.024115
id26873,0.632192,0.156152,0.211656
id10818,0.280592,0.0221867,0.697221
id15146,0.90551,0.0160428,0.0784472
id23328,0.898572,0.0866765,0.0147511
id16765,0.533183,0.404566,0.0622513
id24383,0.952081,0.0113525,0.0365663
id21304,0.931225,0.0419335,0.026842
id12551,0.0266269,0.970046,0.0033275
id23274,0.250649,0.23332,0.516031
id08117,0.824794,0.0765135,0.0986926
id23961,0.958148,0.00757701,0.0342748
id13865,0.234385,0.72998,0.0356357
id22807,0.241966,0.154271,0.603764
id08951,0.1449,0.00830711,0.846793
id18684,0.983257,0.00635776,0.0103855
id25179,0.0428851,0.926749,0.0303659
id27033,0.987438,0.00352778,0.00903395
id13977,0.216096,0.0230806,0.760823
id19337,0.0288231,0.676365,0.294812
id25764,0.334557,0.661425,0.00401794
id16106,0.439355,0.243529,0.317116
id05468,0.0599217,0.0110513,0.929027
id05241,0.999062,0.000229506,0.000708711
id10215,0.678157,0.0298133,0.29203
id23457,0.0484631,0.0446973,0.90684
id02200,0.99633,0.00302366,0.00064612
id13714,0.0901602,0.886906,0.0229334
id20332,0.00791962,0.000129415,0.991951
id18573,0.150286,0.0543786,0.795335
id08569,0.911058,0.00659839,0.0823432
id22767,0.898803,0.0829,0.0182973
id25390,0.0575957,0.921126,0.0212779
id09288,0.997251,0.00166417,0.00108489
id12381,0.995957,0.00228405,0.00175868
id02895,0.174433,0.0821014,0.743466
id25270,0.0816054,0.000658079,0.917736
id14248,0.498018,0.108479,0.393503
id12831,0.909308,0.0392153,0.0514764
id18305,0.817862,0.0115468,0.170591
id07805,0.974905,0.0214475,0.00364767
id14027,0.427965,0.127684,0.44435
id02760,0.788803,0.0507002,0.160497
id24362,0.993427,0.00398728,0.00258589
id17065,0.0085841,0.990302,0.00111377
id26583,0.0480868,0.87841,0.0735027
id19664,0.99946,0.000514701,2.51177e-05
id25145,0.869254,0.0469124,0.0838338
id17858,0.0653725,0.919409,0.0152186
id05148,0.0777449,0.263623,0.658632
id22928,0.917545,0.044403,0.0380523
id21549,0.947685,0.00476625,0.0475485
id12649,0.199212,0.785685,0.0151029
id21597,0.909477,0.0310331,0.05949
id27945,0.736122,0.201212,0.0626667
id00243,0.995266,0.000557501,0.00417658
id02745,0.92682,0.0142302,0.0589501
id23550,0.0416492,0.00381274,0.954538
id13023,0.915865,0.0083096,0.0758259
id24796,0.167861,0.00183553,0.830304
id12284,0.0837277,0.906135,0.0101369
id02664,0.00143759,0.996956,0.0016065
id23767,0.876809,0.0752152,0.0479762
id05859,0.0182144,0.976256,0.00552906
id14350,0.691313,0.288258,0.0204282
id01191,0.527194,0.44345,0.029356
id17034,0.806863,0.0998308,0.0933061
id25292,0.872104,0.120394,0.00750226
id22121,0.997018,0.00157799,0.00140446
id20872,0.891515,0.0523453,0.0561392
id17720,0.0149719,0.981688,0.00334045
id22658,0.0786216,0.90338,0.0179989
id09567,0.309205,0.592549,0.098246
id16445,0.904655,0.0646832,0.0306623
id08349,0.262854,0.0803729,0.656773
id27437,0.226395,0.406277,0.367327
id03812,0.992743,0.00601632,0.00124062
id22304,0.833929,0.0922841,0.0737871
id04449,0.0631872,0.899039,0.0377741
id15605,0.918701,0.0136112,0.0676875
id01768,0.823581,0.0560826,0.120337
id20019,0.674133,0.240077,0.0857905
id09593,0.0458767,0.597256,0.356867
id23179,0.160154,0.0112944,0.828552
id21279,0.990301,0.0046027,0.00509609
id06711,0.605466,0.0304332,0.364101
id14243,0.0778315,0.874515,0.0476529
id04839,0.0106466,0.743001,0.246352
id17220,0.030805,0.937158,0.0320372
id24177,0.449537,0.16264,0.387823
id20512,0.0530837,0.00907025,0.937846
id14036,0.00759989,0.989162,0.00323812
id25001,0.0299788,0.00544277,0.964578
id06175,0.0392551,0.944679,0.0160662
id24720,0.0788167,0.869479,0.0517045
id08070,0.548584,0.439501,0.0119157
id18934,0.979253,0.0133095,0.00743722
id01338,0.810524,0.010095,0.179381
id19008,0.0215777,0.966872,0.0115501
id19632,0.738385,0.182781,0.0788347
id26224,0.0164768,0.0165017,0.967022
id08219,0.81823,0.0378367,0.143933
id24008,0.004388,6.57639e-05,0.995546
id12475,0.639526,0.315442,0.0450321
id05766,0.455299,0.0358545,0.508847
id27386,0.156268,0.78835,0.0553825
id12476,0.0195618,0.973907,0.00653083
id08311,0.950188,0.0292497,0.0205626
id04996,0.923159,0.0372079,0.0396332
id17350,0.706162,0.267097,0.0267409
id05546,0.00477142,0.994776,0.00045291
id16504,0.144491,0.839409,0.0160995
id05782,0.00298595,0.000686372,0.996328
id20560,0.925667,0.028333,0.0459998
id14171,0.143386,0.335706,0.520908
id27461,0.570835,0.138262,0.290903
id03581,0.12917,0.0412682,0.829561
id21847,0.0177726,0.00760891,0.974619
id11712,0.931042,0.0215101,0.0474481
id26738,0.0168017,0.00859139,0.974607
id13668,0.998073,0.00163543,0.000291208
id15114,0.998963,0.000548004,0.000489465
id20130,0.625868,0.153319,0.220813
id18331,0.893517,0.016275,0.0902076
id24465,0.999311,0.000510151,0.000178771
id13539,0.994766,0.004116,0.00111848
id27564,0.0760753,0.408677,0.515248
id26043,0.912922,0.00349247,0.0835856
id04965,0.23991,0.196619,0.563472
id08645,0.0184525,0.00198887,0.979559
id26610,0.6714,0.0770804,0.25152
id21737,0.15514,0.796055,0.0488049
id25784,0.151808,0.554933,0.293259
id23030,0.912179,0.0128468,0.0749746
id16450,0.00438245,0.993772,0.00184554
id02161,0.869432,0.0214587,0.10911
id25535,0.930876,0.0132911,0.0558324
id16566,0.988233,0.00421718,0.0075498
id05714,0.908528,0.0750414,0.0164301
id16524,0.852508,0.130411,0.0170818
id23941,0.0302851,0.911419,0.0582955
id00831,0.0344842,0.0848613,0.880654
id18145,0.873866,0.0438388,0.0822954
id17227,0.994429,0.00382073,0.0017499
id09417,0.47135,0.0517221,0.476927
id21307,0.803276,0.149955,0.0467688
id05650,0.00585607,0.993496,0.000647614
id23901,0.808252,0.107838,0.0839105
id05831,0.999053,0.000471194,0.000476118
id16708,0.11099,0.790822,0.0981879
id02281,0.175076,0.044946,0.779978
id11599,0.650018,0.107326,0.242656
id18353,0.353835,0.570045,0.0761201
id07413,0.918888,0.0431984,0.0379137
id15653,0.287265,0.574712,0.138023
id09715,0.00528773,0.000274267,0.994438
id05108,0.208269,0.77297,0.0187608
id09537,0.525199,0.0585312,0.41627
id27596,0.942291,0.0505559,0.00715265
id24255,0.0941835,0.00388199,0.901935
id05080,0.00461344,0.000192794,0.995194
id09484,0.972626,0.00582061,0.0215535
id14864,0.109727,0.00370987,0.886563
id26836,0.742679,0.140986,0.116335
id07003,0.901347,0.055708,0.0429451
id13750,0.00199764,0.997394,0.000608658
id21799,0.0918589,0.0416953,0.866446
id11285,0.99939,0.000400361,0.000209075
id04735,0.966693,0.0279292,0.00537744
id23049,0.00960004,0.0200416,0.970358
id05826,0.237165,0.733449,0.0293858
id17916,0.48823,0.488064,0.0237063
id14081,0.430968,0.00652078,0.562512
id10527,0.162265,0.0207013,0.817033
id16059,0.0231234,0.962625,0.0142514
id25542,0.984161,0.0154976,0.000341195
id05402,0.475959,0.277364,0.246676
id01927,0.972651,0.0104194,0.0169297
id27656,0.69357,0.0531212,0.253309
id06708,0.269387,0.30433,0.426284
id03524,0.631309,0.172979,0.195712
id12297,0.966748,0.0101346,0.023117
id03439,0.975268,0.0149021,0.00983004
id04587,0.0230246,0.970203,0.00677275
id25470,0.131644,0.866464,0.0018914
id01212,0.0732486,0.912044,0.0147076
id13932,0.844257,0.0843558,0.0713868
id00124,0.0716537,0.00612449,0.922222
id01592,0.956318,0.0291225,0.0145593
id13461,0.84494,0.0531303,0.10193
id24681,0.0538503,0.851789,0.0943602
id23245,0.706153,0.0314615,0.262385
id14073,0.212519,0.0375609,0.74992
id05172,0.898793,0.0105164,0.0906905
id21979,0.8101,0.0527495,0.137151
id00328,0.936321,0.0115081,0.0521714
id26102,0.97871,0.0171359,0.0041543
id14867,0.196749,0.0561336,0.747118
id27544,0.184728,0.812959,0.00231266
id16228,0.991601,0.00385941,0.0045398
id16342,0.567468,0.397271,0.0352611
id24933,0.99091,0.00460018,0.0044903
id04601,0.55791,0.049564,0.392526
id01599,0.0463055,0.946243,0.00745117
id06238,0.589704,0.378274,0.0320219
id06826,0.129542,0.517315,0.353144
id23307,0.986066,0.0130331,0.00090045
id13575,0.831147,0.142445,0.0264083
id24174,0.879187,0.0111961,0.109617
id19534,0.358578,0.11821,0.523213
id19602,0.170245,0.00925893,0.820496
id26962,0.0632239,0.868982,0.067794
id04448,0.66844,0.25907,0.0724899
id09786,0.526758,0.337226,0.136016
id25240,0.784171,0.118507,0.0973219
id14893,0.938187,0.0547527,0.00706004
id24221,0.990248,0.00775507,0.0019971
id04696,0.264089,0.0143835,0.721528
id15153,0.0303085,0.945488,0.0242034
id13882,0.000123887,0.99965,0.000226104
id17836,0.438521,0.417032,0.144446
id00574,0.462204,0.53264,0.00515544
id02078,0.0541633,0.4875,0.458337
id21206,0.0588176,0.909286,0.0318962
id20084,0.569731,0.0278041,0.402465
id26598,0.0472881,0.00128031,0.951432
id06838,0.450974,0.0235875,0.525439
id08786,0.0900043,0.0132756,0.89672
id09550,0.213059,0.157501,0.62944
id10206,0.923035,0.01662,0.060345
id21113,0.993281,0.0014932,0.00522611
id21151,0.301463,0.636428,0.0621085
id02692,0.998506,0.00136615,0.000127571
id26446,0.766228,0.0667335,0.167039
id07377,0.953767,0.0347884,0.0114448
id15998,0.544806,0.413469,0.0417255
id19637,0.996923,0.00166479,0.00141258
id19735,0.0658462,0.884529,0.0496243
id13739,0.207448,0.0486559,0.743896
id25175,0.313361,0.231278,0.45536
id00563,0.0719078,0.0248948,0.903197
id09982,0.969734,0.00368305,0.0265826
id15459,0.00077082,0.998805,0.000424528
id20785,0.00654626,0.00649768,0.986956
id07145,0.011064,0.17933,0.809606
id22204,0.306991,0.660915,0.0320946
id09285,0.243801,0.085033,0.671166
id18157,0.0950397,0.024589,0.880371
id12134,0.0158526,0.00602303,0.978124
id23914,0.995413,0.00181776,0.00276933
id10483,0.963521,0.0240913,0.0123875
id07092,0.841666,0.0288345,0.1295
id14786,0.455853,0.081012,0.463134
id25741,0.654492,0.017973,0.327534
id09050,0.358912,0.589453,0.0516356
id04938,0.595375,0.0649996,0.339625
id05901,0.541737,0.053694,0.404568
id16975,0.0848434,0.888519,0.0266378
id08547,0.00982694,0.000220258,0.989953
id16355,0.67724,0.0494944,0.273266
id14568,0.949926,0.0100457,0.0400286
id25599,0.0596124,0.508504,0.431884
id01670,0.0173532,0.982155,0.000492049
id23945,0.350759,0.648476,0.000764991
id17394,0.421253,0.0141472,0.5646
id06501,0.503653,0.189579,0.306767
id26234,0.0653129,0.752907,0.18178
id21280,0.0195972,0.000215522,0.980187
id20048,0.0804698,0.190278,0.729253
id01216,0.665818,0.13266,0.201522
id25320,0.984714,0.0060349,0.00925152
id22833,0.201626,0.0170748,0.781299
id22056,0.350269,0.474857,0.174874
id02275,0.00518467,0.990777,0.00403812
id26127,0.72359,0.0276431,0.248767
id17011,0.116587,0.882576,0.000836997
id13847,0.435588,0.0717099,0.492702
id00013,0.0116154,0.984864,0.00352094
id16463,0.371853,0.092109,0.536038
id04845,0.341576,0.606741,0.0516831
id01787,0.433705,0.217602,0.348693
id08637,0.978031,0.0152664,0.00670207
id11414,0.031204,0.000417894,0.968378
id13177,0.536935,0.120189,0.342876
id24517,0.988443,0.00998716,0.0015697
id26838,0.726957,0.0182345,0.254808
id23081,0.0237581,0.968499,0.00774252
id16327,0.00391097,0.984739,0.01135
id27282,0.0503032,0.941521,0.00817632
id07489,0.951418,0.016765,0.0318174
id01718,0.0119824,0.00700081,0.981017
id15441,0.879956,0.0473595,0.0726842
id27736,0.000978375,0.997772,0.0012497
id16324,0.0103484,0.933001,0.0566506
id12027,0.345164,0.0790626,0.575774
id24653,0.0103306,0.98883,0.000839346
id17541,0.535595,0.0379836,0.426421
id22406,0.124371,0.492617,0.383012
id18356,0.870113,0.0395383,0.090349
id04505,0.538065,0.238911,0.223024
id04246,0.407135,0.296573,0.296292
id07368,0.84528,0.0708201,0.0839
id26185,0.0298329,0.000682662,0.969484
id08878,0.466875,0.369653,0.163472
id27691,0.00798713,0.000468046,0.991545
id18004,0.66477,0.207278,0.127952
id24426,0.939358,0.0439398,0.0167025
id14164,0.924134,0.0457203,0.0301457
id12653,0.00158021,0.996295,0.00212486
id18060,0.323894,0.197274,0.478831
id18556,0.702744,0.136224,0.161033
id27371,0.39219,0.574787,0.0330234
id11989,0.178256,0.697645,0.124099
id26095,0.928507,0.0598077,0.0116849
id24978,0.828444,0.0678507,0.103706
id20322,0.841065,0.0282591,0.130676
id01954,0.586315,0.398568,0.0151168
id07434,0.311122,0.40299,0.285888
id18144,0.00853772,0.0017196,0.989743
id16250,0.136247,0.813792,0.0499616
id17793,0.00558335,0.000177422,0.994239
id24067,0.0346298,0.0182203,0.94715
id13891,0.683107,0.00446983,0.312423
id07334,0.185942,0.675506,0.138552
id15633,0.0197104,0.969451,0.0108383
id23239,0.982883,0.00730116,0.00981562
id10674,0.324657,0.055074,0.620269
id22093,0.563513,0.334186,0.102301
id08444,0.437639,0.425985,0.136376
id03257,0.207599,0.323702,0.468699
id10040,0.217724,0.761355,0.0209216
id04902,0.417712,0.0112771,0.571011
id01219,0.854303,0.125032,0.0206654
id01340,0.911366,0.0501541,0.0384799
id05117,0.0101442,0.988653,0.0012031
id04908,0.307171,0.00400685,0.688822
id03626,0.129589,0.00105599,0.869355
id01888,0.99611,0.00257711,0.0013127
id17199,0.0228808,0.00258249,0.974537
id11200,0.426508,0.550357,0.0231347
id27561,0.583904,0.0676579,0.348438
id20966,0.0675723,0.913719,0.0187086
id10257,0.0188657,0.976752,0.00438185
id21168,0.0219964,0.868873,0.109131
id23363,0.0320788,0.000722589,0.967199
id05321,0.978359,0.00732883,0.014312
id09928,0.0694549,0.00126189,0.929283
id18015,0.997575,0.00218674,0.000237827
id02082,0.173553,0.818496,0.0079516
id19279,0.844735,0.0624765,0.0927882
id08541,0.287334,0.541353,0.171313
id15249,0.0118036,0.986589,0.00160729
id03609,0.329854,0.526063,0.144083
id22902,0.173419,0.00483083,0.82175
id17733,0.999028,0.000892013,7.96458e-05
id07554,0.0362949,0.0217586,0.941947
id14120,0.883343,0.00761845,0.109039
id21802,0.0196942,0.969477,0.0108287
id15614,0.22947,0.69654,0.0739902
id19437,0.00803238,4.13943e-05,0.991926
id22698,0.854924,0.0715589,0.0735169
id21841,0.00600316,0.993862,0.000134954
id16177,0.821987,0.144841,0.0331721
id15887,0.0198776,0.0833719,0.89675
id22629,0.683322,0.0234308,0.293247
id10346,0.971199,0.0107233,0.0180781
id05154,0.848664,0.0583068,0.0930297
id22913,0.327959,0.586884,0.0851563
id10544,0.173137,0.65555,0.171313
id08703,0.660723,0.329311,0.00996565
id12817,0.364987,0.0385008,0.596512
id25433,0.953445,0.0196629,0.0268918
id25112,0.101544,0.0127609,0.885695
id05054,0.0269787,0.961556,0.0114655
id02311,0.222492,0.720678,0.0568301
id22160,0.211654,0.688766,0.09958
id17422,0.995415,0.00396386,0.000621558
id18985,0.837065,0.0387612,0.124174
id21905,0.0381183,0.00377507,0.958107
id17474,0.972451,0.010204,0.0173452
id15236,0.000215207,0.999626,0.000158392
id13964,0.975414,0.0074944,0.0170917
id15962,0.2463,0.662592,0.0911086
id20866,0.108125,0.427211,0.464664
id06625,0.272116,0.0519669,0.675917
id09793,0.869781,0.0276632,0.102556
id17365,0.00078805,0.998731,0.000481202
id18463,0.0627,0.906227,0.0310735
id20693,0.0687332,0.660601,0.270666
id08785,0.00487686,0.992554,0.00256932
id06783,0.037504,0.940943,0.0215531
id23178,0.110592,0.0010907,0.888318
id13513,0.0393874,0.920973,0.0396398
id25361,0.068544,0.0129833,0.918473
id22319,0.88168,0.0692065,0.0491135
id14024,0.226618,0.0992727,0.674109
id24186,0.0107498,0.988772,0.000478095
id20965,0.795673,0.0506982,0.153629
id06242,0.118056,0.142599,0.739344
id25665,0.0651138,0.342175,0.592711
id09706,0.878718,0.0514273,0.0698543
id11026,0.000144736,0.99945,0.000405453
id04223,0.982529,0.0139724,0.00349844
id19674,0.00834868,0.985205,0.00644606
id23420,0.0516732,0.649441,0.298886
id18059,0.238066,0.672421,0.0895128
id22576,0.865844,0.110958,0.0231977
id18495,0.000124702,0.999807,6.85974e-05
id14139,0.994764,0.00347514,0.00176037
id18313,0.375893,0.514902,0.109205
id27356,0.995285,0.0038648,0.000849876
id16035,0.354378,0.0105796,0.635042
id04182,0.137047,0.298787,0.564166
id15667,0.911341,0.0619516,0.026707
id08713,0.992175,0.00577317,0.00205211
id25563,0.000950128,0.998573,0.000476461
id17023,0.92963,0.0583474,0.0120228
id03014,0.000112427,0.999809,7.83132e-05
id23812,0.469813,0.493244,0.036943
id20057,0.149977,0.110729,0.739295
id12385,0.817843,0.0249016,0.157256
id24416,0.909095,0.0655573,0.0253477
id15672,0.00114062,0.997127,0.00173191
id13868,0.99265,0.00576765,0.00158232
id21095,0.276048,0.502531,0.22142
id05305,0.546716,0.337111,0.116173
id15384,0.115051,0.3295,0.555449
id14049,0.228065,0.00251878,0.769416
id23441,0.890143,0.0785609,0.0312956
id12856,0.0273994,0.000592642,0.972008
id16055,0.00130324,0.00227308,0.996424
id24771,0.467785,0.339778,0.192436
id14053,0.963241,0.00952153,0.0272379
id19547,0.0416306,0.714924,0.243445
id03639,0.0178876,0.97641,0.00570191
id14546,0.0239104,0.952263,0.0238266
id13935,0.991721,0.00104242,0.00723673
id20335,0.216799,0.734115,0.0490859
id07301,0.0796703,0.0845386,0.835791
id10186,0.954457,0.0109326,0.0346108
id00192,0.794048,0.188017,0.0179352
id17851,0.976318,0.0201886,0.00349341
id08403,0.536634,0.396698,0.0666684
id06183,0.604838,0.268702,0.126459
id24738,0.155572,0.767242,0.0771859
id15112,0.463337,0.256755,0.279908
id19819,0.0102147,0.000852229,0.988933
id17722,0.178335,0.0654303,0.756235
id24273,0.136242,0.170639,0.693119
id18939,0.12595,0.000198538,0.873852
id16076,0.518566,0.476588,0.00484583
id23158,0.0150424,0.0103932,0.974564
id12745,0.670517,0.120421,0.209062
id22538,0.231962,0.306543,0.461495
id14975,0.0445449,0.95259,0.00286546
id27537,0.929631,0.0393737,0.0309958
id06632,0.303825,0.00765075,0.688525
id08100,0.652894,0.335808,0.0112981
id00843,0.999651,0.000247662,0.000101658
id22159,0.808908,0.0031129,0.187979
id18672,0.943941,0.00530036,0.0507583
id06916,0.488755,0.365803,0.145442
id22212,0.879971,0.0070002,0.113029
id00273,0.168343,0.0330295,0.798627
id26325,0.196266,0.156213,0.647521
id23683,0.0700684,0.917435,0.0124968
id14419,0.0146463,0.897542,0.0878118
id11931,0.0160639,0.978508,0.00542862
id00568,0.069708,0.911477,0.0188147
id12271,0.950589,0.0152178,0.0341927
id12622,0.850178,0.143097,0.0067255
id03156,0.454336,0.282438,0.263226
id25592,0.851101,0.111916,0.0369833
id24367,0.978475,0.0127792,0.00874557
id16007,0.0463671,0.00409224,0.949541
id04785,0.567208,0.141999,0.290793
id07888,0.182303,0.0218204,0.795876
id13557,0.0590402,0.909619,0.0313411
id20726,0.856435,0.0413579,0.102207
id09580,0.702244,0.138678,0.159077
id05173,0.24552,0.739327,0.0151522
id10394,0.0174174,0.977924,0.00465851
id03926,0.0238901,0.528806,0.447304
id07264,0.985231,0.00693284,0.00783571
id01862,0.0332391,0.852063,0.114698
id20808,0.48088,0.141247,0.377873
id26658,0.881494,0.00480224,0.113703
id04479,0.419443,0.162608,0.417948
id17445,0.156075,0.788315,0.0556108
id04430,0.0422492,0.928474,0.0292768
id06052,0.316164,0.0732621,0.610574
id11485,0.316216,0.0487841,0.634999
id13060,0.409948,0.0459649,0.544088
id20873,0.904945,0.027486,0.0675687
id21927,0.739072,0.252431,0.00849779
