id,EAP,HPL,MWS
id02310,0.11446,0.0191944,0.866346
id24541,0.771865,0.222609,0.00552652
id00134,0.248539,0.739276,0.0121843
id27757,0.401224,0.584043,0.0147325
id04081,0.398748,0.553354,0.0478972
id27337,0.612963,0.369787,0.0172491
id24265,0.875723,0.0885099,0.0357676
id25917,0.0536835,0.768444,0.177872
id04951,0.891098,0.106293,0.00260915
id14549,0.752785,0.0790328,0.168182
id22505,0.249795,0.312962,0.437243
id24002,0.00970684,0.989192,0.00110078
id18982,0.105443,0.885503,0.00905384
id15181,0.00425111,0.994203,0.00154627
id21888,0.571447,0.170127,0.258425
id12035,0.189085,0.0201636,0.790751
id17991,0.736378,0.0530662,0.210556
id10707,0.990361,0.00684448,0.00279419
id07101,0.208097,0.035649,0.756254
id00345,0.28305,0.701952,0.0149979
id05912,0.87791,0.0726578,0.0494327
id13443,0.557987,0.419203,0.0228102
id09248,0.376771,0.101966,0.521264
id17542,0.422719,0.0745654,0.502715
id06995,0.221434,0.0507322,0.727833
id25159,0.866599,0.0706048,0.0627963
id25729,0.516212,0.435474,0.0483141
id26949,0.807886,0.169907,0.0222073
id27191,0.492706,0.0251161,0.482178
id07668,0.334184,0.00997726,0.655839
id02230,0.144244,0.446128,0.409628
id15553,0.985227,0.0090855,0.00568748
id25688,0.0459178,0.914337,0.0397452
id17545,0.954357,0.0229937,0.0226496
id13929,0.259172,0.49599,0.244838
id12880,0.106458,0.822706,0.0708353
id19282,0.756784,0.145061,0.0981551
id14690,0.0567553,0.00412041,0.939124
id17975,0.00402273,0.994992,0.000984809
id08037,0.980224,0.00853131,0.0112445
id15412,0.355098,0.050695,0.594207
id25032,0.491088,0.122425,0.386487
id27165,0.97544,0.0184782,0.00608192
id03327,0.095285,0.897039,0.00767546
id18515,0.988001,0.00686645,0.00513219
id21003,0.147525,0.0582103,0.794265
id23855,0.139131,0.674729,0.186141
id20724,0.791347,0.111272,0.0973808
id13303,0.808554,0.0915118,0.0999339
id16521,0.0525061,0.803745,0.143749
id20775,0.994657,0.0048541,0.000488411
id13029,0.705106,0.24753,0.0473639
id14660,0.476125,0.427197,0.0966785
id11028,0.0353112,0.00640984,0.958279
id14180,0.926011,0.0662992,0.00768933
id25860,0.890103,0.108102,0.00179593
id11910,0.563046,0.0219413,0.415013
id08065,0.232807,0.161059,0.606134
id22674,0.0587979,0.0316682,0.909534
id25018,0.702043,0.0853125,0.212645
id10892,0.0021449,0.997419,0.000436243
id10217,0.0517212,0.936948,0.0113309
id12996,0.273915,0.053815,0.67227
id18262,0.848266,0.0801125,0.0716214
id08606,0.00257616,0.995817,0.00160673
id17233,0.827868,0.0630389,0.109093
id00101,0.899297,0.0542505,0.0464527
id12225,0.618123,0.203155,0.178722
id01364,0.156205,0.817864,0.0259312
id24973,0.597912,0.0678639,0.334224
id25363,0.207481,0.020758,0.771761
id10061,0.420434,0.503054,0.0765119
id17673,0.164713,0.80765,0.0276363
id13249,0.335499,0.198513,0.465988
id10107,0.0458278,0.018369,0.935803
id04403,0.902504,0.0372117,0.0602844
id25728,0.945792,0.0152408,0.0389676
id16184,0.466796,0.203695,0.329509
id03438,0.0489692,0.00336899,0.947662
id22923,0.0662281,0.928115,0.00565723
id08610,0.84855,0.0206274,0.130823
id25355,0.128763,0.124592,0.746645
id16916,0.161315,0.814014,0.0246711
id12793,0.0597052,0.93506,0.00523453
id11859,0.598665,0.173819,0.227516
id02434,0.988499,0.00863802,0.00286318
id27703,0.146119,0.0407484,0.813133
id25212,0.152403,0.814756,0.0328413
id11308,0.351109,0.194394,0.454497
id26094,0.749822,0.23843,0.0117479
id22080,0.654524,0.296976,0.0485001
id03545,0.850602,0.141903,0.00749508
id23725,0.0844451,0.290048,0.625507
id12009,0.744067,0.233763,0.0221701
id24241,0.465036,0.103047,0.431917
id03596,0.0215211,0.976822,0.00165714
id10749,0.0576836,0.930539,0.0117769
id22794,0.00813354,0.00840958,0.983457
id15482,0.241619,0.492653,0.265728
id04833,0.785979,0.154028,0.0599931
id00397,0.313259,0.00712029,0.67962
id14691,0.308364,0.0485231,0.643113
id05193,0.0262583,0.00878144,0.96496
id19541,0.703527,0.274135,0.0223374
id22166,0.0310805,0.0460109,0.922909
id20744,0.112067,0.0366567,0.851276
id10392,0.0672455,0.0196282,0.913126
id00770,0.949761,0.0432412,0.00699775
id06018,0.483284,0.480694,0.0360224
id15678,0.592607,0.0174553,0.389937
id08305,0.935797,0.0454342,0.0187691
id08903,0.736518,0.0938028,0.169679
id14752,0.496192,0.46417,0.0396387
id12468,0.0307811,0.96641,0.00280855
id05085,0.642233,0.330589,0.0271776
id21993,0.26692,0.0819526,0.651128
id15503,0.593803,0.394567,0.0116301
id03021,0.00605435,0.992534,0.00141165
id16123,0.997121,0.00259496,0.000284478
id19383,0.667679,0.326936,0.00538583
id04186,0.933993,0.0328894,0.0331178
id17954,0.176401,0.0311341,0.792465
id12030,0.437427,0.0114294,0.551143
id13020,0.8351,0.126963,0.0379379
id25327,0.0590508,0.763968,0.176981
id16344,0.318713,0.240479,0.440808
id12303,0.285335,0.632737,0.081928
id15017,0.979737,0.0149943,0.00526908
id22308,0.365809,0.123024,0.511168
id06536,0.0631708,0.10294,0.833889
id19797,0.246625,0.14862,0.604756
id06332,0.415559,0.570614,0.0138268
id22941,0.345613,0.177943,0.476443
id13547,0.107654,0.138045,0.7543
id06928,0.0502208,0.0123426,0.937437
id12521,0.348,0.62035,0.0316501
id25716,0.688926,0.0550603,0.256013
id27116,0.165857,0.00520969,0.828933
id19941,0.0255223,0.96843,0.00604762
id05711,0.0724649,0.0592379,0.868297
id02097,0.0373349,0.191086,0.771579
id03563,0.00541444,0.993455,0.00113022
id02295,0.39584,0.502685,0.101475
id08179,0.981385,0.00925009,0.00936531
id05332,0.0182938,0.976011,0.00569491
id15697,0.762734,0.0505715,0.186694
id17026,0.115129,0.0395121,0.845359
id04243,0.628876,0.354762,0.0163619
id13175,0.999119,0.000738307,0.000142399
id05387,0.945783,0.0425476,0.0116692
id19989,0.801223,0.145925,0.0528526
id25173,0.184905,0.018671,0.796424
id08925,0.716743,0.207448,0.0758091
id03034,0.0236923,0.961633,0.0146749
id13272,0.00356641,0.995216,0.00121728
id07956,0.672147,0.0557965,0.272056
id02648,0.444757,0.151401,0.403842
id01778,0.144064,0.0404974,0.815438
id12846,0.0267559,0.0128724,0.960372
id19001,0.394782,0.154608,0.45061
id05763,0.890176,0.0441901,0.0656342
id15590,0.110956,0.0127871,0.876257
id04912,0.73215,0.165502,0.102348
id21201,0.26709,0.571851,0.161059
id13215,0.951957,0.0175507,0.0304918
id15612,0.0507474,0.922932,0.0263207
id18501,0.6764,0.153127,0.170474
id07223,0.49665,0.325671,0.177679
id06707,0.210903,0.711906,0.077191
id05238,0.000449574,0.999446,0.000104312
id00935,0.124682,0.410396,0.464922
id00110,0.243176,0.274957,0.481867
id17476,0.70843,0.260613,0.0309571
id15170,0.976299,0.0199972,0.00370416
id13397,0.412665,0.394349,0.192985
id24283,0.654174,0.257297,0.0885295
id15234,0.833368,0.15519,0.0114419
id16884,0.293178,0.67782,0.0290024
id07831,0.208185,0.758669,0.0331458
id16038,0.78824,0.166424,0.0453367
id03629,0.917458,0.048631,0.033911
id21019,0.731964,0.194351,0.0736847
id21835,0.568909,0.257428,0.173663
id04480,0.0301773,0.967322,0.00250056
id20838,0.104168,0.883855,0.0119774
id24195,0.458997,0.172261,0.368742
id05448,0.424402,0.532286,0.0433119
id15957,0.333056,0.521605,0.145339
id19956,0.0188707,0.00219212,0.978937
id15104,0.0406269,0.0390388,0.920334
id17559,0.850441,0.0957101,0.0538488
id16839,0.397239,0.452774,0.149987
id14493,0.721145,0.0284371,0.250418
id08833,0.210499,0.617752,0.171749
id15723,0.227054,0.0350564,0.73789
id02716,0.989783,0.00550749,0.00470974
id06689,0.0124755,0.982612,0.00491276
id18837,0.232267,0.212855,0.554878
id04466,0.930834,0.0561158,0.0130505
id00686,0.923894,0.0645614,0.0115447
id09010,0.140231,0.838925,0.0208439
id23353,0.956937,0.0180696,0.0249932
id00066,0.669828,0.220252,0.109919
id15724,0.0220012,0.97056,0.0074389
id23486,0.222502,0.0361049,0.741393
id22258,0.0590769,0.0382299,0.902693
id02292,0.793351,0.0938793,0.11277
id16356,0.454905,0.066337,0.478758
id00235,0.909444,0.0461483,0.0444076
id25522,0.12891,0.0120212,0.859069
id04204,0.258917,0.687529,0.0535536
id22016,0.845556,0.0754512,0.0789932
id06480,0.0383514,0.959868,0.00178078
id08718,0.536744,0.0782502,0.385006
id05251,0.00352154,0.994297,0.00218144
id03359,0.739227,0.176716,0.0840575
id16117,0.0953192,0.0199968,0.884684
id17000,0.00289487,0.99631,0.00079465
id01730,0.0155412,0.982237,0.00222161
id00630,0.724227,0.259377,0.016396
id18175,0.271406,0.0174273,0.711166
id00907,0.962282,0.0179546,0.0197638
id18251,0.00459824,0.994037,0.00136487
id25861,0.522209,0.330145,0.147646
id00398,0.73407,0.107831,0.1581
id27573,0.987676,0.00378226,0.00854188
id10022,0.183543,0.53326,0.283198
id15901,0.0519083,0.00441606,0.943676
id00451,0.261726,0.307778,0.430496
id23129,0.292605,0.666973,0.0404227
id26498,0.237487,0.730562,0.0319513
id14741,0.448641,0.487465,0.0638946
id18453,0.22499,0.0257191,0.749291
id08309,0.755885,0.219861,0.0242537
id00320,0.966936,0.0308468,0.00221726
id07688,0.440238,0.155251,0.404511
id01556,0.102863,0.0201742,0.876963
id00178,0.872367,0.0824782,0.0451551
id18902,0.150274,0.175586,0.67414
id27002,0.581856,0.313739,0.104405
id21418,0.979819,0.019814,0.000367274
id23018,0.344432,0.0574788,0.598089
id07032,0.539353,0.331697,0.128949
id16195,0.57417,0.0299392,0.395891
id11202,0.172614,0.677904,0.149483
id09578,0.787988,0.120919,0.0910929
id26984,0.837964,0.0345698,0.127466
id19856,0.00390326,0.995361,0.000735402
id12086,0.850533,0.0316008,0.117866
id12052,0.340107,0.0447284,0.615165
id17728,0.0938839,0.0819952,0.824121
id24608,0.646291,0.100354,0.253354
id21097,0.236783,0.0958922,0.667325
id20179,0.011394,0.013507,0.975099
id15144,0.325116,0.519072,0.155812
id00206,0.947247,0.0335502,0.0192031
id22285,0.218062,0.0527872,0.729151
id06417,0.10772,0.413151,0.479128
id00215,0.108938,0.883242,0.00781984
id04201,0.230005,0.515882,0.254113
id21771,0.806766,0.0842963,0.108938
id12451,0.1853,0.541458,0.273242
id14250,0.0866352,0.838045,0.0753195
id03433,0.161021,0.814813,0.0241658
id03303,0.135044,0.0408577,0.824098
id25901,0.266714,0.535536,0.19775
id06945,0.855895,0.0300243,0.114081
id05664,0.435603,0.388903,0.175493
id05741,0.995797,0.00222609,0.00197649
id10652,0.875919,0.0510262,0.0730551
id16300,0.896225,0.0842249,0.0195498
id12319,0.513344,0.114906,0.37175
id07500,0.00986456,0.989543,0.000592373
id12478,0.405835,0.348244,0.24592
id03076,0.071056,0.0109548,0.917989
id00969,0.245033,0.624683,0.130284
id23636,0.112651,0.864676,0.0226728
id09791,0.370162,0.101173,0.528664
id05680,0.0815844,0.882854,0.0355618
id03672,0.158874,0.769714,0.0714124
id04286,0.0824358,0.824143,0.0934209
id23883,0.0370174,0.0276964,0.935286
id11914,0.74035,0.0414288,0.218221
id20974,0.0259775,0.963206,0.0108166
id26125,0.0910005,0.0213348,0.887665
id15543,0.287094,0.0296691,0.683237
id19471,0.711619,0.240723,0.0476576
id11503,0.489674,0.436803,0.0735236
id09321,0.458539,0.239368,0.302093
id25560,0.00835507,0.0041247,0.98752
id06726,0.215109,0.0361713,0.74872
id05709,0.944164,0.0330246,0.0228111
id09788,0.599435,0.177407,0.223158
id05289,0.994117,0.0044464,0.00143621
id11815,0.00880587,0.989015,0.00217902
id22422,0.730269,0.105202,0.164529
id25954,0.348702,0.580978,0.0703194
id13601,0.743229,0.115973,0.140798
id05677,0.745502,0.0182687,0.23623
id10498,0.153327,0.841899,0.00477414
id02665,0.326051,0.635409,0.0385399
id10114,0.127124,0.781124,0.0917516
id26314,0.840959,0.113713,0.0453283
id21240,0.341216,0.090311,0.568473
id15569,0.902676,0.0931715,0.00415279
id25928,0.843331,0.0423287,0.114341
id22706,0.140955,0.838209,0.0208368
id20877,0.00462223,0.989737,0.00564079
id04318,0.563939,0.22591,0.210151
id18299,0.384163,0.563885,0.0519521
id08126,0.125847,0.0126446,0.861508
id14293,0.302325,0.0169082,0.680767
id12759,0.904135,0.0800611,0.015804
id11983,0.663468,0.244224,0.0923084
id05580,0.466498,0.510537,0.0229645
id25846,0.26055,0.445086,0.294364
id01939,0.462042,0.0816903,0.456268
id26327,0.423446,0.105768,0.470787
id11068,0.0189914,0.00216637,0.978842
id08404,0.869722,0.0391296,0.0911484
id27189,0.525541,0.461751,0.0127081
id15119,0.00170915,0.997431,0.000860187
id26525,0.972771,0.015419,0.0118102
id03618,0.259313,0.720489,0.0201979
id27220,0.863319,0.129766,0.00691495
id18777,0.148549,0.0195729,0.831878
id20213,0.684127,0.0925272,0.223346
id20403,0.8611,0.114431,0.0244698
id03777,0.380885,0.0236212,0.595494
id10595,0.00275344,0.996898,0.000348399
id13816,0.259118,0.0555038,0.685378
id05667,0.103422,0.0274465,0.869131
id24629,0.810697,0.0622029,0.1271
id20398,0.232045,0.274495,0.49346
id14108,0.0127063,0.0130324,0.974261
id06196,0.015304,0.982213,0.00248342
id02800,0.12212,0.854233,0.0236469
id18732,0.00154113,0.998115,0.000344321
id11915,0.0317704,0.94577,0.0224592
id09739,0.90906,0.0700684,0.0208712
id24672,0.86213,0.126742,0.0111283
id00414,0.0768142,0.104615,0.818571
id16307,0.67881,0.172464,0.148726
id14043,0.343545,0.0376628,0.618792
id00517,0.0108074,0.00110912,0.988083
id09744,0.932,0.053699,0.0143005
id19257,0.887897,0.10209,0.0100131
id15437,0.277316,0.662583,0.0601016
id16352,0.224241,0.0737968,0.701962
id18849,0.781142,0.0976486,0.12121
id19434,0.00299291,0.995787,0.00122005
id17928,0.113628,0.0460083,0.840364
id16896,0.0668943,0.0261515,0.906954
id02135,0.280628,0.47293,0.246442
id15075,0.71319,0.270229,0.0165816
id27486,0.0214374,0.975606,0.00295698
id19422,0.790241,0.193313,0.0164453
id09603,0.0505897,0.939469,0.00994084
id02133,0.0714289,0.9084,0.0201713
id03441,0.646528,0.0507541,0.302718
id02398,0.029529,0.968637,0.00183438
id05152,0.457591,0.0437259,0.498683
id17838,0.814435,0.0980272,0.0875383
id25060,0.360028,0.635709,0.00426243
id09998,0.302485,0.10957,0.587945
id01828,0.00954392,0.98389,0.0065663
id25377,0.431682,0.1977,0.370618
id22175,0.0495189,0.944998,0.00548307
id02974,0.0557978,0.0969175,0.847285
id26955,0.818364,0.169843,0.0117928
id21091,0.898394,0.0206975,0.0809084
id12802,0.890465,0.0982809,0.0112541
id07432,0.0030303,0.996092,0.000878077
id18749,0.0351245,0.920239,0.0446366
id15030,0.0447591,0.354125,0.601116
id17155,0.128099,0.859098,0.0128027
id08128,0.0103549,0.978594,0.0110509
id25706,0.00182985,0.99722,0.000950339
id15645,0.937567,0.0495052,0.0129278
id04943,0.670999,0.31395,0.0150511
id27566,0.517107,0.0279286,0.454965
id11765,0.276126,0.39808,0.325793
id13783,0.432053,0.451538,0.116409
id00492,0.0384797,0.0482675,0.913253
id27636,0.158678,0.110549,0.730773
id04273,0.726072,0.207078,0.0668507
id02537,0.405615,0.162206,0.432179
id24349,0.769775,0.22318,0.00704513
id00023,0.00421672,0.990602,0.00518124
id23025,0.198602,0.783035,0.0183622
id08722,0.863753,0.0346057,0.101642
id02420,0.964441,0.0347591,0.00079978
id10811,0.84121,0.057077,0.101713
id04019,0.154648,0.0223651,0.822987
id18334,0.97053,0.0236899,0.0057805
id16781,0.710553,0.255252,0.0341951
id08773,0.669996,0.313711,0.016293
id19214,0.647317,0.183998,0.168684
id09589,0.0235696,0.956432,0.0199982
id24246,0.949063,0.0351132,0.0158239
id23577,0.760482,0.21079,0.0287279
id09305,0.884647,0.0695114,0.0458415
id16460,0.641753,0.284945,0.0733016
id21115,0.61168,0.250842,0.137478
id25996,0.720091,0.187616,0.0922929
id02551,0.202552,0.0377202,0.759728
id19352,0.0311356,0.00997934,0.958885
id03806,0.147182,0.0461381,0.80668
id26544,0.638389,0.214788,0.146823
id18761,0.687084,0.16625,0.146666
id24148,0.0610969,0.924987,0.0139158
id16095,0.162276,0.738047,0.0996774
id18442,0.647624,0.293009,0.0593663
id22596,0.0596038,0.0246309,0.915765
id23002,0.156511,0.0081928,0.835296
id04797,0.986498,0.0105747,0.00292765
id06610,0.268679,0.027831,0.70349
id16173,0.486869,0.203433,0.309698
id18292,0.0612884,0.0144204,0.924291
id27328,0.867426,0.114122,0.0184524
id01695,0.144568,0.718455,0.136977
id05761,0.863686,0.0576068,0.0787071
id16354,0.887784,0.0723256,0.0398908
id12207,0.397928,0.316339,0.285733
id05665,0.237884,0.118573,0.643543
id01911,0.771068,0.186769,0.0421635
id19153,0.118887,0.0451037,0.836009
id10295,0.578236,0.341654,0.0801097
id23038,0.310614,0.597506,0.0918798
id23783,0.0283292,0.970814,0.000856415
id27879,0.823319,0.169721,0.00695977
id19190,0.104891,0.882583,0.0125263
id05065,0.946186,0.04136,0.0124539
id21296,0.0399558,0.93639,0.0236547
id13262,0.154911,0.714552,0.130537
id10333,0.419903,0.495024,0.0850727
id16677,0.67538,0.275638,0.0489819
id01392,0.727667,0.0458067,0.226527
id27874,0.728241,0.169951,0.101808
id02294,0.2389,0.678871,0.0822283
id18298,0.0672371,0.0481068,0.884656
id06997,0.934543,0.0557065,0.00975029
id05243,0.518169,0.365935,0.115896
id00860,0.00635455,0.989391,0.00425444
id26681,0.489924,0.376252,0.133824
id06020,0.144867,0.0024019,0.852731
id27683,0.592252,0.207151,0.200597
id17655,0.0179896,0.979882,0.00212826
id08817,0.103693,0.547417,0.348889
id11512,0.0277711,0.046083,0.926146
id00478,0.0965831,0.0623872,0.84103
id02116,0.736945,0.23791,0.0251451
id06746,0.692851,0.275106,0.0320436
id03863,0.313127,0.603575,0.0832982
id01802,0.131287,0.612436,0.256277
id11682,0.775254,0.0741806,0.150566
id04033,0.00926285,0.985392,0.0053456
id09286,0.139565,0.834465,0.0259704
id12904,0.782357,0.207816,0.0098267
id07420,0.195697,0.00805841,0.796244
id22398,0.00110122,0.998669,0.000230202
id00424,0.0610045,0.0613922,0.877603
id20960,0.985542,0.013026,0.00143169
id10267,0.640123,0.282279,0.0775977
id19330,0.60929,0.0409198,0.34979
id00994,0.000812372,0.99906,0.000127457
id10785,0.703255,0.213159,0.0835863
id00955,0.224544,0.696785,0.0786711
id09757,0.0132835,0.985215,0.00150167
id10030,0.283873,0.0424928,0.673634
id22952,0.313163,0.489274,0.197563
id21955,0.181871,0.184169,0.63396
id07674,0.504498,0.358148,0.137355
id13760,0.00598609,0.993579,0.000434973
id18166,0.936754,0.0248915,0.038354
id23498,0.724309,0.250111,0.0255796
id05296,0.722913,0.0734351,0.203652
id26709,0.539784,0.438137,0.0220787
id02853,0.86137,0.12334,0.0152901
id06800,0.420843,0.136281,0.442875
id14758,0.154268,0.789777,0.0559544
id12356,0.912897,0.0758078,0.0112952
id21492,0.45739,0.502855,0.0397549
id27540,0.7839,0.0207873,0.195312
id07376,0.0528253,0.912163,0.0350118
id15201,0.397746,0.575015,0.0272383
id23388,0.00376041,0.992824,0.00341515
id13923,0.0532406,0.933123,0.0136365
id00794,0.00129098,0.998375,0.000333759
id23910,0.787744,0.0735303,0.138726
id02556,0.320004,0.192282,0.487715
id22151,0.000534177,0.999334,0.000131751
id11698,0.222792,0.722525,0.0546835
id11627,0.732731,0.0642511,0.203018
id06340,0.863809,0.0943736,0.0418178
id05123,0.970063,0.0158823,0.0140548
id26620,0.0318046,0.0127533,0.955442
id04002,0.189748,0.187707,0.622545
id26554,0.103786,0.855903,0.0403112
id18012,0.332604,0.57928,0.0881159
id12964,0.265986,0.060264,0.67375
id18965,0.21173,0.344517,0.443753
id19082,0.065935,0.00918954,0.924875
id26742,0.0225902,0.00660725,0.970802
id15442,0.0762361,0.908383,0.0153805
id16647,0.484882,0.0597395,0.455379
id11544,0.573744,0.098856,0.3274
id20581,0.526896,0.269406,0.203698
id13192,0.12319,0.849307,0.0275025
id15814,0.104114,0.308129,0.587757
id26279,0.0302419,0.967083,0.00267491
id00240,0.914862,0.0398291,0.0453086
id22836,0.844462,0.147779,0.00775934
id15085,0.031868,0.939205,0.0289267
id17495,0.390163,0.0685444,0.541293
id26762,0.71792,0.0857456,0.196334
id13685,0.770574,0.0319685,0.197457
id16560,0.00373144,0.995355,0.00091332
id17184,0.00181473,0.997768,0.000417388
id21635,0.993955,0.00257874,0.00346636
id26751,0.277751,0.630327,0.0919227
id12351,0.843043,0.102623,0.0543338
id14872,0.51409,0.377642,0.108268
id18372,0.800514,0.177216,0.0222709
id26851,0.733502,0.234398,0.0320998
id22659,0.234606,0.758341,0.00705255
id04102,0.0735677,0.00631608,0.920116
id02353,0.00912795,0.988054,0.00281753
id26721,0.958487,0.0373928,0.00412054
id11171,0.434627,0.0247686,0.540604
id13562,0.401925,0.440226,0.157849
id26425,0.809223,0.102893,0.0878842
id26394,0.434982,0.252557,0.312461
id22187,0.232748,0.715159,0.0520934
id00422,0.987914,0.0104227,0.00166298
id22667,0.00561396,0.994173,0.000213344
id00911,0.473773,0.295663,0.230564
id17291,0.40149,0.0249265,0.573584
id01915,0.247077,0.143464,0.609459
id01434,0.476425,0.141298,0.382276
id01584,0.500212,0.164042,0.335745
id09266,0.910455,0.0427721,0.0467728
id17494,0.00109218,0.998542,0.000365485
id24919,0.428952,0.339575,0.231473
id21043,0.490618,0.00138901,0.507993
id17796,0.00495687,0.994532,0.000511415
id02166,0.691097,0.00590762,0.302995
id17503,0.695696,0.0181228,0.286182
id21203,0.577109,0.142767,0.280124
id25626,0.987177,0.0109062,0.00191711
id09836,0.543099,0.433433,0.0234686
id24202,0.181484,0.652781,0.165735
id27260,0.905212,0.0773062,0.0174823
id23167,0.223089,0.0358739,0.741037
id10393,0.30728,0.630761,0.0619591
id01171,0.614983,0.362389,0.022628
id06380,0.889098,0.0799879,0.030914
id22686,0.107773,0.0225217,0.869706
id26250,0.355306,0.0402347,0.604459
id09315,0.184243,0.750559,0.0651979
id00886,0.362795,0.491744,0.145461
id03101,0.765298,0.180913,0.0537893
id12367,0.442703,0.046176,0.511121
id10770,0.648178,0.0301401,0.321682
id14949,0.0274431,0.969193,0.00336419
id14141,0.0896617,0.904954,0.00538477
id25417,0.651074,0.322539,0.0263876
id26873,0.646257,0.180092,0.173651
id10818,0.27282,0.0471759,0.680004
id15146,0.811142,0.0462023,0.142656
id23328,0.423213,0.540128,0.0366591
id16765,0.209151,0.758574,0.0322749
id24383,0.905416,0.0339256,0.060658
id21304,0.878232,0.10131,0.0204579
id12551,0.0048576,0.994277,0.000865888
id23274,0.216069,0.258568,0.525363
id08117,0.597324,0.287079,0.115598
id23961,0.941372,0.0244952,0.0341327
id13865,0.0923889,0.887966,0.0196449
id22807,0.246968,0.21044,0.542593
id08951,0.206969,0.030325,0.762706
id18684,0.95003,0.0242296,0.0257402
id25179,0.144353,0.836008,0.0196393
id27033,0.793955,0.023896,0.182149
id13977,0.375662,0.0550826,0.569255
id19337,0.0274204,0.822688,0.149892
id25764,0.0439336,0.951154,0.00491273
id16106,0.38077,0.301605,0.317626
id05468,0.0881165,0.0275146,0.884369
id05241,0.986024,0.00460197,0.00937355
id10215,0.493581,0.189365,0.317054
id23457,0.0976483,0.0425476,0.859804
id02200,0.971081,0.0259767,0.00294246
id13714,0.0733034,0.906393,0.0203031
id20332,0.0309412,0.00185709,0.967202
id18573,0.217585,0.222297,0.560118
id08569,0.8357,0.00767971,0.15662
id22767,0.388906,0.578764,0.0323303
id25390,0.0550767,0.919372,0.0255516
id09288,0.973672,0.0206014,0.0057262
id12381,0.969924,0.0229382,0.0071375
id02895,0.25397,0.145816,0.600214
id25270,0.195823,0.00595716,0.79822
id14248,0.436547,0.135406,0.428048
id12831,0.831578,0.0914573,0.0769644
id18305,0.597159,0.0251413,0.377699
id07805,0.619831,0.352028,0.0281407
id14027,0.819147,0.0917883,0.0890643
id02760,0.878963,0.0609739,0.0600636
id24362,0.972681,0.0192615,0.00805805
id17065,0.0129885,0.985803,0.00120851
id26583,0.0332615,0.926687,0.0400513
id19664,0.974047,0.0230565,0.00289686
id25145,0.717741,0.145563,0.136697
id17858,0.0674892,0.918145,0.0143654
id05148,0.20237,0.287373,0.510257
id22928,0.724574,0.196454,0.0789725
id21549,0.894211,0.0209715,0.0848179
id12649,0.0839143,0.908113,0.00797227
id21597,0.827135,0.0785494,0.0943156
id27945,0.597579,0.339358,0.063063
id00243,0.971655,0.00917691,0.0191679
id02745,0.943027,0.0198697,0.0371032
id23550,0.0572054,0.00905321,0.933741
id13023,0.911058,0.0204322,0.0685098
id24796,0.136735,0.0078277,0.855437
id12284,0.0453718,0.94808,0.00654808
id02664,0.000779695,0.998772,0.000447979
id23767,0.398815,0.559358,0.0418265
id05859,0.0600058,0.927661,0.0123328
id14350,0.431801,0.54212,0.0260795
id01191,0.450771,0.524051,0.0251782
id17034,0.797821,0.0984409,0.103738
id25292,0.679872,0.310745,0.00938322
id22121,0.968749,0.0236479,0.00760339
id20872,0.757966,0.12256,0.119473
id17720,0.0187205,0.975234,0.0060453
id22658,0.0649333,0.927935,0.00713142
id09567,0.0976032,0.855065,0.0473315
id16445,0.773599,0.180928,0.045473
id08349,0.101675,0.0672148,0.83111
id27437,0.282188,0.487767,0.230045
id03812,0.9652,0.0298326,0.00496762
id22304,0.809774,0.0892287,0.100997
id04449,0.124073,0.838555,0.0373714
id15605,0.922241,0.0245309,0.0532281
id01768,0.755585,0.119375,0.12504
id20019,0.494626,0.412603,0.0927711
id09593,0.111566,0.614054,0.27438
id23179,0.207536,0.0620227,0.730442
id21279,0.978533,0.0146348,0.00683247
id06711,0.338371,0.0464423,0.615187
id14243,0.0248407,0.960412,0.014747
id04839,0.0202765,0.848192,0.131531
id17220,0.0260243,0.961939,0.0120367
id24177,0.669057,0.193859,0.137084
id20512,0.0592436,0.0354912,0.905265
id14036,0.0100188,0.988149,0.00183191
id25001,0.149581,0.0265181,0.823901
id06175,0.0682713,0.912946,0.0187823
id24720,0.103518,0.849783,0.0466992
id08070,0.268166,0.718623,0.0132108
id18934,0.947467,0.0419481,0.0105851
id01338,0.910939,0.0138361,0.0752246
id19008,0.00877403,0.987691,0.00353491
id19632,0.423277,0.479615,0.0971077
id26224,0.0705869,0.0265262,0.902887
id08219,0.864573,0.0631735,0.0722532
id24008,0.00515426,0.000342023,0.994504
id12475,0.216028,0.722406,0.0615662
id05766,0.595947,0.111729,0.292323
id27386,0.0918962,0.884361,0.0237429
id12476,0.00469271,0.994151,0.00115593
id08311,0.875606,0.100248,0.0241461
id04996,0.836289,0.0843157,0.0793952
id17350,0.187618,0.785348,0.0270343
id05546,0.0025203,0.99732,0.000159302
id16504,0.0565032,0.919255,0.0242422
id05782,0.00936866,0.00483537,0.985796
id20560,0.775801,0.161175,0.0630238
id14171,0.225422,0.405337,0.369241
id27461,0.549828,0.232324,0.217849
id03581,0.315438,0.202042,0.48252
id21847,0.176016,0.079575,0.744409
id11712,0.88851,0.0405727,0.0709176
id26738,0.0348509,0.0341712,0.930978
id13668,0.981808,0.0160633,0.00212909
id15114,0.99515,0.0019384,0.00291121
id20130,0.385058,0.127575,0.487366
id18331,0.643431,0.0999567,0.256612
id24465,0.989249,0.00935245,0.00139886
id13539,0.90845,0.088593,0.00295715
id27564,0.121873,0.554802,0.323325
id26043,0.29195,0.00860945,0.69944
id04965,0.324653,0.104571,0.570776
id08645,0.0996068,0.00875041,0.891643
id26610,0.673351,0.163527,0.163122
id21737,0.180933,0.789563,0.0295045
id25784,0.0627184,0.820933,0.116349
id23030,0.943592,0.0116984,0.0447093
id16450,0.00776753,0.990223,0.00200984
id02161,0.587327,0.054454,0.358219
id25535,0.918427,0.0375467,0.0440267
id16566,0.938901,0.0375307,0.0235688
id05714,0.619171,0.355185,0.0256443
id16524,0.615419,0.339354,0.0452267
id23941,0.0413843,0.920504,0.0381117
id00831,0.0858167,0.0985424,0.815641
id18145,0.471788,0.184504,0.343707
id17227,0.982092,0.0141437,0.00376461
id09417,0.494397,0.103851,0.401752
id21307,0.83792,0.137573,0.0245077
id05650,0.0112774,0.987278,0.00144498
id23901,0.625079,0.228773,0.146148
id05831,0.994211,0.00243123,0.00335776
id16708,0.160638,0.761786,0.0775756
id02281,0.32755,0.142616,0.529834
id11599,0.847151,0.0884808,0.0643679
id18353,0.201452,0.727513,0.071035
id07413,0.690447,0.253668,0.0558857
id15653,0.311899,0.60334,0.084761
id09715,0.0172581,0.00392076,0.978821
id05108,0.141825,0.832935,0.0252403
id09537,0.624073,0.0977978,0.278129
id27596,0.642891,0.342405,0.0147041
id24255,0.141032,0.0156244,0.843343
id05080,0.00478923,0.000778802,0.994432
id09484,0.929232,0.0412219,0.0295456
id14864,0.159742,0.013507,0.826751
id26836,0.494965,0.294828,0.210206
id07003,0.757937,0.184446,0.0576173
id13750,0.00226795,0.997145,0.00058742
id21799,0.314663,0.074727,0.61061
id11285,0.991673,0.00635742,0.00196945
id04735,0.900427,0.092982,0.00659142
id23049,0.0710707,0.154459,0.77447
id05826,0.237167,0.738689,0.024143
id17916,0.108912,0.876884,0.0142038
id14081,0.182126,0.0092858,0.808588
id10527,0.172157,0.052027,0.775816
id16059,0.0491059,0.935244,0.0156499
id25542,0.862261,0.135431,0.00230874
id05402,0.401592,0.388275,0.210132
id01927,0.879219,0.0666255,0.0541553
id27656,0.519009,0.129144,0.351847
id06708,0.268901,0.541051,0.190048
id03524,0.66536,0.281279,0.0533613
id12297,0.929855,0.0413247,0.0288206
id03439,0.856598,0.120662,0.0227396
id04587,0.0126184,0.98555,0.00183111
id25470,0.0174729,0.981967,0.000560385
id01212,0.0364339,0.958159,0.00540702
id13932,0.644879,0.26398,0.0911414
id00124,0.121767,0.0243682,0.853865
id01592,0.779941,0.187613,0.032446
id13461,0.88117,0.050926,0.067904
id24681,0.153059,0.7563,0.090641
id23245,0.354566,0.0329816,0.612452
id14073,0.31299,0.125101,0.561909
id05172,0.739748,0.0328257,0.227427
id21979,0.741563,0.14238,0.116057
id00328,0.89475,0.0292531,0.0759972
id26102,0.786635,0.201409,0.0119562
id14867,0.161159,0.0978897,0.740952
id27544,0.0370321,0.96232,0.000647892
id16228,0.89224,0.0782151,0.0295445
id16342,0.0833124,0.853611,0.0630767
id24933,0.955589,0.0287099,0.0157009
id04601,0.586895,0.246734,0.166371
id01599,0.0104757,0.985725,0.0037995
id06238,0.461612,0.479964,0.0584236
id06826,0.158361,0.648678,0.19296
id23307,0.880778,0.110757,0.00846511
id13575,0.518556,0.428843,0.0526006
id24174,0.590753,0.0571454,0.352101
id19534,0.353349,0.145656,0.500995
id19602,0.0730816,0.0211497,0.905769
id26962,0.093781,0.862151,0.044068
id04448,0.548647,0.400012,0.0513408
id09786,0.501994,0.400462,0.0975438
id25240,0.502685,0.34935,0.147964
id14893,0.492682,0.485433,0.0218845
id24221,0.797296,0.191122,0.0115825
id04696,0.559587,0.0448457,0.395567
id15153,0.0451507,0.915276,0.0395732
id13882,0.000206892,0.99959,0.00020323
id17836,0.273927,0.657529,0.0685434
id00574,0.0333997,0.963104,0.0034967
id02078,0.116374,0.616187,0.267439
id21206,0.0868808,0.883456,0.0296628
id20084,0.352922,0.108945,0.538132
id26598,0.0867108,0.0114078,0.901881
id06838,0.307344,0.0411558,0.651501
id08786,0.234778,0.0494314,0.715791
id09550,0.136823,0.121346,0.741831
id10206,0.942386,0.0288515,0.0287623
id21113,0.956096,0.0130358,0.0308678
id21151,0.199317,0.773434,0.0272491
id02692,0.980385,0.0170612,0.0025534
id26446,0.603088,0.0961666,0.300745
id07377,0.678932,0.288942,0.0321266
id15998,0.431425,0.529398,0.0391769
id19637,0.963881,0.0172806,0.0188381
id19735,0.0475468,0.924157,0.0282962
id13739,0.229791,0.185695,0.584514
id25175,0.338633,0.391995,0.269371
id00563,0.259085,0.0642358,0.676679
id09982,0.936826,0.0181068,0.0450671
id15459,0.000222688,0.999709,6.80138e-05
id20785,0.0134797,0.0205901,0.96593
id07145,0.0294778,0.458753,0.511769
id22204,0.112305,0.860352,0.0273427
id09285,0.394004,0.128614,0.477382
id18157,0.182488,0.0592526,0.758259
id12134,0.0531769,0.0160519,0.930771
id23914,0.988028,0.00592371,0.00604842
id10483,0.876252,0.0954117,0.0283367
id07092,0.79114,0.0963245,0.112535
id14786,0.340838,0.271804,0.387357
id25741,0.77158,0.057121,0.171299
id09050,0.234145,0.750551,0.0153045
id04938,0.573391,0.0952328,0.331376
id05901,0.722809,0.133228,0.143963
id16975,0.029655,0.957829,0.0125158
id08547,0.0426673,0.00446781,0.952865
id16355,0.347276,0.0673565,0.585367
id14568,0.854018,0.0287029,0.117279
id25599,0.0672564,0.679664,0.25308
id01670,0.0174794,0.981832,0.000688315
id23945,0.0383911,0.961132,0.000476731
id17394,0.186166,0.0638824,0.749952
id06501,0.54117,0.273437,0.185393
id26234,0.10519,0.689441,0.205368
id21280,0.0444004,0.00291627,0.952683
id20048,0.0783774,0.0911756,0.830447
id01216,0.46815,0.43811,0.0937392
id25320,0.939579,0.0224654,0.0379552
id22833,0.576523,0.0338538,0.389623
id22056,0.322657,0.54103,0.136313
id02275,0.011771,0.983127,0.00510172
id26127,0.737605,0.0392061,0.223189
id17011,0.0319012,0.967714,0.00038521
id13847,0.688461,0.109798,0.201741
id00013,0.00943616,0.988463,0.00210113
id16463,0.303212,0.315389,0.381399
id04845,0.0709264,0.891539,0.0375346
id01787,0.127697,0.687934,0.184369
id08637,0.834657,0.153153,0.0121903
id11414,0.038972,0.00198314,0.959045
id13177,0.395839,0.169669,0.434492
id24517,0.813539,0.18025,0.00621092
id26838,0.815639,0.0358427,0.148518
id23081,0.0128708,0.98348,0.00364932
id16327,0.0445096,0.920961,0.0345295
id27282,0.0108809,0.98348,0.00563942
id07489,0.795239,0.116961,0.0878002
id01718,0.0173332,0.0245558,0.958111
id15441,0.730651,0.129824,0.139525
id27736,0.00231201,0.996323,0.00136539
id16324,0.0413741,0.845042,0.113584
id12027,0.594074,0.104598,0.301327
id24653,0.00800793,0.991263,0.000728786
id17541,0.476244,0.0694393,0.454316
id22406,0.162716,0.65754,0.179743
id18356,0.860992,0.0729109,0.0660975
id04505,0.575429,0.27568,0.148891
id04246,0.422156,0.299138,0.278706
id07368,0.664128,0.202419,0.133453
id26185,0.0387903,0.00702649,0.954183
id08878,0.217138,0.636378,0.146484
id27691,0.0143088,0.00475247,0.980939
id18004,0.369255,0.457904,0.172842
id24426,0.752039,0.202202,0.0457583
id14164,0.821984,0.140549,0.0374664
id12653,0.00251785,0.993339,0.0041427
id18060,0.574032,0.135353,0.290614
id18556,0.741725,0.094862,0.163413
id27371,0.138298,0.842882,0.0188202
id11989,0.253699,0.660511,0.0857894
id26095,0.595528,0.372076,0.032396
id24978,0.812667,0.0616278,0.125705
id20322,0.587988,0.0901355,0.321877
id01954,0.4309,0.556115,0.0129852
id07434,0.321504,0.31,0.368495
id18144,0.0463618,0.0163039,0.937334
id16250,0.0705594,0.914086,0.0153542
id17793,0.0267796,0.00359699,0.969623
id24067,0.0595645,0.0517658,0.88867
id13891,0.297572,0.0261302,0.676298
id07334,0.323256,0.549182,0.127563
id15633,0.019884,0.973623,0.0064934
id23239,0.949165,0.0346882,0.0161472
id10674,0.108886,0.152982,0.738132
id22093,0.556383,0.368218,0.0753993
id08444,0.174465,0.769091,0.0564444
id03257,0.110596,0.316364,0.573041
id10040,0.355904,0.629587,0.014509
id04902,0.418978,0.0182552,0.562767
id01219,0.669764,0.279773,0.050462
id01340,0.852828,0.0845937,0.0625785
id05117,0.0155945,0.982334,0.00207114
id04908,0.0957381,0.0238694,0.880393
id03626,0.130046,0.00378341,0.866171
id01888,0.963992,0.0286807,0.00732761
id17199,0.0235768,0.00602971,0.970393
id11200,0.259144,0.715079,0.0257767
id27561,0.525495,0.100208,0.374298
id20966,0.056338,0.934364,0.00929754
id10257,0.0181256,0.977365,0.00450889
id21168,0.0828792,0.670029,0.247091
id23363,0.049653,0.00135694,0.94899
id05321,0.624005,0.339677,0.0363179
id09928,0.140867,0.00692417,0.852209
id18015,0.922965,0.0728914,0.00414402
id02082,0.112461,0.880979,0.0065598
id19279,0.751053,0.181734,0.0672125
id08541,0.380889,0.491876,0.127235
id15249,0.00711303,0.992043,0.000844193
id03609,0.325963,0.509188,0.164849
id22902,0.210796,0.0417809,0.747423
id17733,0.98746,0.0116541,0.000885918
id07554,0.0400903,0.0567694,0.90314
id14120,0.79684,0.0399165,0.163244
id21802,0.0328936,0.957984,0.00912219
id15614,0.212137,0.76707,0.0207926
id19437,0.0123377,0.000585173,0.987077
id22698,0.721195,0.163476,0.115329
id21841,0.0029752,0.996816,0.000209223
id16177,0.587611,0.353473,0.0589155
id15887,0.121084,0.0915987,0.787318
id22629,0.732405,0.0609459,0.206649
id10346,0.926926,0.0403551,0.0327185
id05154,0.8432,0.089922,0.066878
id22913,0.357876,0.559643,0.0824809
id10544,0.377074,0.486529,0.136397
id08703,0.432537,0.560779,0.00668447
id12817,0.34914,0.0839579,0.566902
id25433,0.819478,0.146155,0.0343674
id25112,0.62234,0.0606429,0.317017
id05054,0.00614457,0.992389,0.00146606
id02311,0.118331,0.836082,0.0455871
id22160,0.113831,0.803505,0.0826642
id17422,0.949364,0.0472144,0.00342151
id18985,0.692471,0.226745,0.0807841
id21905,0.124619,0.0114628,0.863918
id17474,0.885934,0.101408,0.0126585
id15236,0.000661707,0.999135,0.000203317
id13964,0.832326,0.0544437,0.11323
id15962,0.2661,0.667787,0.066113
id20866,0.136192,0.157136,0.706672
id06625,0.503006,0.133676,0.363319
id09793,0.555741,0.0610926,0.383167
id17365,0.000689083,0.998785,0.000525807
id18463,0.0330149,0.955893,0.0110923
id20693,0.062266,0.8666,0.0711336
id08785,0.0109607,0.986031,0.00300837
id06783,0.0417887,0.942942,0.0152696
id23178,0.166874,0.00755872,0.825567
id13513,0.055829,0.934,0.0101705
id25361,0.0411831,0.046548,0.912269
id22319,0.70981,0.223247,0.0669432
id14024,0.2888,0.169523,0.541677
id24186,0.00238454,0.997462,0.000153145
id20965,0.699065,0.219332,0.0816029
id06242,0.214009,0.205958,0.580033
id25665,0.0828965,0.326662,0.590442
id09706,0.514926,0.342483,0.142591
id11026,0.000178591,0.999653,0.000168148
id04223,0.840523,0.153894,0.0055825
id19674,0.00374675,0.993666,0.00258771
id23420,0.0893892,0.76947,0.141141
id18059,0.298398,0.626213,0.0753889
id22576,0.721992,0.236842,0.0411653
id18495,0.000404255,0.99949,0.000105316
id14139,0.973826,0.0209381,0.00523581
id18313,0.301099,0.65788,0.0410209
id27356,0.926858,0.0640726,0.00906913
id16035,0.374593,0.0271454,0.598262
id04182,0.178688,0.678089,0.143223
id15667,0.676637,0.272425,0.0509381
id08713,0.857774,0.133128,0.00909787
id25563,0.00073521,0.999014,0.000250783
id17023,0.886763,0.101172,0.0120649
id03014,0.000104631,0.999866,2.91034e-05
id23812,0.249106,0.728157,0.0227366
id20057,0.219642,0.162145,0.618212
id12385,0.575352,0.11374,0.310908
id24416,0.79401,0.160887,0.045103
id15672,0.00863124,0.979258,0.0121103
id13868,0.937231,0.0497039,0.0130653
id21095,0.364907,0.310204,0.324889
id05305,0.342057,0.595151,0.0627919
id15384,0.203738,0.433556,0.362705
id14049,0.213189,0.0292924,0.757518
id23441,0.603198,0.359905,0.0368966
id12856,0.0394599,0.00492795,0.955612
id16055,0.0038508,0.00208162,0.994068
id24771,0.345398,0.598368,0.0562336
id14053,0.857812,0.041335,0.100853
id19547,0.0239478,0.912684,0.0633679
id03639,0.00705524,0.991124,0.00182076
id14546,0.0477329,0.940723,0.0115438
id13935,0.816525,0.00417355,0.179302
id20335,0.190583,0.774053,0.0353635
id07301,0.296698,0.228144,0.475158
id10186,0.856707,0.0530993,0.0901935
id00192,0.2521,0.730323,0.0175772
id17851,0.588499,0.400729,0.0107718
id08403,0.460901,0.523173,0.0159264
id06183,0.407456,0.508618,0.083926
id24738,0.143273,0.807513,0.049213
id15112,0.451501,0.243657,0.304842
id19819,0.0482476,0.00789873,0.943854
id17722,0.160669,0.13885,0.700481
id24273,0.178914,0.144157,0.676929
id18939,0.0433039,0.00119162,0.955504
id16076,0.127797,0.869151,0.00305119
id23158,0.0719939,0.0584904,0.869516
id12745,0.718616,0.123362,0.158022
id22538,0.19166,0.319568,0.488773
id14975,0.0219954,0.975698,0.00230649
id27537,0.669694,0.311185,0.0191202
id06632,0.109458,0.0126347,0.877908
id08100,0.311645,0.664189,0.0241662
id00843,0.997589,0.00186975,0.000541634
id22159,0.42216,0.0388517,0.538988
id18672,0.855874,0.0244975,0.119629
id06916,0.413592,0.482131,0.104277
id22212,0.859695,0.0469261,0.0933789
id00273,0.303333,0.132536,0.564131
id26325,0.326321,0.243056,0.430623
id23683,0.0763462,0.911272,0.0123816
id14419,0.0254574,0.950664,0.0238784
id11931,0.0193795,0.978184,0.00243624
id00568,0.107002,0.875549,0.017449
id12271,0.930721,0.0320873,0.0371919
id12622,0.426121,0.560768,0.0131103
id03156,0.506545,0.320464,0.172991
id25592,0.683568,0.264178,0.052254
id24367,0.906093,0.0630831,0.0308234
id16007,0.23879,0.0164102,0.7448
id04785,0.501491,0.171632,0.326877
id07888,0.334135,0.162819,0.503045
id13557,0.0513115,0.921766,0.0269222
id20726,0.849098,0.087473,0.0634293
id09580,0.6179,0.315317,0.0667831
id05173,0.0677655,0.92388,0.00835479
id10394,0.0169548,0.979785,0.00326052
id03926,0.0586584,0.780602,0.160739
id07264,0.940452,0.0456768,0.0138714
id01862,0.080742,0.85561,0.0636482
id20808,0.415281,0.201215,0.383504
id26658,0.85048,0.0169521,0.132568
id04479,0.313064,0.409853,0.277083
id17445,0.0827218,0.899773,0.0175055
id04430,0.0157243,0.963392,0.0208834
id06052,0.43786,0.108538,0.453602
id11485,0.617843,0.0909232,0.291234
id13060,0.583517,0.086401,0.330082
id20873,0.881751,0.058793,0.0594555
id21927,0.178348,0.813114,0.00853802
id02736,0.389925,0.393659,0.216416
id11234,0.20356,0.0916012,0.704839
id27894,0.984009,0.00905118,0.00693957
id23208,0.16408,0.567417,0.268503
id18470,0.0501156,0.934867,0.0150174
id23172,0.269534,0.643271,0.0871958
id08752,0.651763,0.0727958,0.275442
id14242,0.202244,0.0764717,0.721285
id22908,0.724041,0.177127,0.0988325
id17454,0.0763807,0.755658,0.167961
id23797,0.623909,0.123905,0.252186
id03788,0.762054,0.0879043,0.150042
