id,EAP,HPL,MWS
id02310,0.0135159,0.00783568,0.978648
id24541,0.894185,0.0923472,0.0134673
id00134,0.145468,0.846821,0.00771089
id27757,0.876313,0.0906445,0.0330423
id04081,0.939659,0.0113729,0.0489678
id27337,0.380884,0.607569,0.0115471
id24265,0.884094,0.111995,0.00391142
id25917,0.175463,0.197687,0.626851
id04951,0.962992,0.0369295,7.90327e-05
id14549,0.987055,0.00476168,0.00818316
id22505,0.0601187,0.818523,0.121358
id24002,9.6062e-05,0.999002,0.000902174
id18982,0.0619083,0.82015,0.117942
id15181,0.00260408,0.996816,0.000579563
id21888,0.915391,0.0096395,0.0749692
id12035,0.000322007,6.86956e-05,0.999609
id17991,0.0276281,0.0016868,0.970685
id10707,0.999908,8.61314e-05,5.66814e-06
id07101,0.263636,0.0900323,0.646332
id00345,0.683789,0.279161,0.0370501
id05912,0.90375,0.00714138,0.0891089
id13443,0.789736,0.123528,0.0867363
id09248,0.290217,0.020856,0.688927
id17542,0.00224542,0.997003,0.000751655
id06995,0.114507,0.0574616,0.828031
id25159,0.317128,0.0129692,0.669903
id25729,0.765642,0.16336,0.0709978
id26949,0.986368,0.00666068,0.00697136
id27191,0.097064,0.0118966,0.891039
id07668,0.177839,0.0277883,0.794373
id02230,0.0324563,0.312155,0.655388
id15553,0.987773,0.00763543,0.00459109
id25688,0.00032278,0.999346,0.000331421
id17545,0.9888,0.0107659,0.000433647
id13929,0.566799,0.205959,0.227242
id12880,0.544549,0.298916,0.156535
id19282,0.751325,0.0933597,0.155315
id14690,0.000310216,0.000202797,0.999487
id17975,0.00292068,0.996864,0.000214806
id08037,0.856543,0.0076897,0.135767
id15412,0.416519,0.0051581,0.578322
id25032,0.27459,0.025804,0.699606
id27165,0.999885,9.08659e-05,2.40765e-05
id03327,0.891648,0.0653154,0.0430371
id18515,0.942439,0.00874082,0.0488201
id21003,0.261613,0.0474377,0.69095
id23855,0.000250039,0.996372,0.00337793
id20724,0.860844,0.0214548,0.117701
id13303,0.714555,0.0662391,0.219206
id16521,0.00270664,0.282929,0.714365
id20775,0.983402,0.0131958,0.00340245
id13029,0.99415,0.00550228,0.000347803
id14660,0.670506,0.298732,0.0307629
id11028,0.00367535,7.52373e-05,0.996249
id14180,0.983692,0.0116878,0.0046202
id25860,0.993635,0.00587094,0.000494542
id11910,0.474563,0.0185948,0.506842
id08065,0.107641,0.00893366,0.883426
id22674,0.0368258,0.0208545,0.94232
id25018,0.348752,0.0100456,0.641203
id10892,0.0599603,0.929859,0.010181
id10217,0.0753456,0.922866,0.00178853
id12996,0.113962,0.0341729,0.851865
id18262,0.524341,0.18958,0.28608
id08606,0.107643,0.827732,0.0646246
id17233,0.997275,0.000316961,0.00240837
id00101,0.861467,0.0988723,0.0396605
id12225,0.985192,0.0119524,0.00285547
id01364,0.154137,0.8368,0.00906223
id24973,0.633149,0.00897681,0.357874
id25363,0.854484,0.00590627,0.13961
id10061,0.532294,0.107684,0.360022
id17673,0.301783,0.51061,0.187607
id13249,0.15735,0.0133427,0.829307
id10107,0.000426101,0.000223173,0.999351
id04403,0.956952,0.00882694,0.0342206
id25728,0.96709,0.0151362,0.0177743
id16184,0.143848,0.0283021,0.82785
id03438,0.00452435,7.34528e-05,0.995402
id22923,0.0565304,0.941701,0.00176904
id08610,0.997801,0.0002316,0.00196688
id25355,0.0481964,0.0765393,0.875264
id16916,0.762345,0.232443,0.00521286
id12793,0.0324185,0.946958,0.0206234
id11859,0.711709,0.00351357,0.284777
id02434,0.998869,0.00106788,6.33835e-05
id27703,0.00477714,0.0013854,0.993837
id25212,0.169316,0.8085,0.0221846
id11308,0.0258646,0.106341,0.867795
id26094,0.880481,0.0738865,0.0456325
id22080,0.992708,0.0072474,4.47723e-05
id03545,0.995188,0.00353125,0.00128046
id23725,0.00573571,0.0250111,0.969253
id12009,0.945993,0.0303539,0.0236528
id24241,0.213448,0.520064,0.266488
id03596,0.0197305,0.968469,0.0118006
id10749,0.0349893,0.942652,0.0223587
id22794,0.00581421,0.00927729,0.984909
id15482,0.267073,0.202625,0.530302
id04833,0.621387,0.338403,0.0402105
id00397,0.187635,0.00620963,0.806156
id14691,0.0936335,0.18102,0.725347
id05193,0.00635347,0.000883572,0.992763
id19541,0.931135,0.0470921,0.0217725
id22166,0.00235656,0.00550012,0.992143
id20744,0.0112153,0.00139883,0.987386
id10392,0.0102888,0.0488696,0.940842
id00770,0.928202,0.0253487,0.0464496
id06018,0.84664,0.0835548,0.0698051
id15678,0.78958,0.0151429,0.195277
id08305,0.998206,0.00177727,1.61381e-05
id08903,0.310813,0.00309542,0.686091
id14752,0.582918,0.355236,0.0618463
id12468,0.0712501,0.925326,0.00342403
id05085,0.661593,0.29914,0.039267
id21993,0.357308,0.0107605,0.631932
id15503,0.97371,0.0258228,0.000467349
id03021,9.05717e-06,0.999765,0.000225612
id16123,0.99769,0.00151653,0.000793916
id19383,0.996111,0.00361856,0.000269984
id04186,0.998526,0.000785857,0.000687858
id17954,0.0118673,0.00684437,0.981288
id12030,0.235642,0.000991429,0.763367
id13020,0.934452,0.047255,0.018293
id25327,0.00615212,0.966221,0.0276266
id16344,0.0212549,0.129408,0.849337
id12303,0.294717,0.690432,0.0148509
id15017,0.977222,0.0160203,0.00675764
id22308,0.24617,0.0478869,0.705943
id06536,0.0554195,0.268153,0.676428
id19797,0.0757573,0.739949,0.184294
id06332,0.370712,0.580784,0.0485038
id22941,0.0594468,0.264987,0.675566
id13547,0.00269416,0.0325538,0.964752
id06928,0.0557251,0.000788557,0.943486
id12521,0.0423036,0.954874,0.0028221
id25716,0.720244,0.000388259,0.279368
id27116,3.06212e-08,4.90311e-08,1.0
id19941,0.00796379,0.987582,0.004454
id05711,5.05826e-06,0.000930196,0.999065
id02097,0.000672315,0.00946293,0.989865
id03563,0.0867963,0.900719,0.0124849
id02295,0.414171,0.581504,0.00432558
id08179,0.882577,0.0319144,0.0855089
id05332,0.00112096,0.99459,0.00428879
id15697,0.740859,0.120576,0.138565
id17026,0.587867,0.0804086,0.331724
id04243,0.301433,0.690864,0.00770291
id13175,0.997709,0.0019729,0.000317821
id05387,0.818819,0.118476,0.0627046
id19989,0.83024,0.144173,0.0255868
id25173,0.0526734,0.0421776,0.905149
id08925,0.000322372,0.999643,3.48574e-05
id03034,0.00176953,0.984871,0.0133595
id13272,0.000909743,0.995264,0.0038266
id07956,0.979765,0.00348223,0.0167527
id02648,2.04238e-06,1.61607e-05,0.999982
id01778,0.0301963,0.0021979,0.967606
id12846,0.00300944,0.0023284,0.994662
id19001,0.860383,0.0103335,0.129283
id05763,0.958131,0.0035831,0.0382854
id15590,9.78585e-05,0.000181358,0.999721
id04912,0.653776,0.163986,0.182238
id21201,0.90808,0.0295859,0.0623346
id13215,0.999779,2.62127e-05,0.000195119
id15612,0.00173768,0.995356,0.0029063
id18501,0.039124,0.0064686,0.954407
id07223,0.827648,0.0906773,0.0816746
id06707,0.1705,0.298154,0.531346
id05238,0.000739986,0.999087,0.000173102
id00935,0.0112899,0.333582,0.655128
id00110,0.224664,0.379398,0.395939
id17476,0.963244,0.0313653,0.00539067
id15170,0.974329,0.0207175,0.0049534
id13397,0.678551,0.0337432,0.287705
id24283,0.784185,0.126451,0.0893641
id15234,0.995365,0.00380473,0.000829908
id16884,0.471067,0.412898,0.116035
id07831,0.14457,0.754853,0.100577
id16038,0.99888,0.00110615,1.36073e-05
id03629,0.976312,0.00417716,0.0195111
id21019,0.949275,0.0395515,0.0111733
id21835,0.614939,0.0167893,0.368272
id04480,0.00833815,0.990722,0.000940203
id20838,0.836312,0.151675,0.0120131
id24195,0.818874,0.0572396,0.123887
id05448,0.736521,0.222443,0.0410359
id15957,0.00784226,0.990425,0.00173288
id19956,0.00455678,8.80229e-05,0.995355
id15104,0.00671065,0.0153203,0.977969
id17559,0.975597,0.0120258,0.0123769
id16839,0.264549,0.0961057,0.639345
id14493,0.824039,0.00708751,0.168873
id08833,0.911831,0.0101101,0.0780585
id15723,0.0365972,0.00407104,0.959332
id02716,0.986836,0.00514805,0.00801547
id06689,0.00461408,0.993479,0.00190721
id18837,0.48076,0.0473766,0.471864
id04466,0.963921,0.027215,0.0088636
id00686,0.783047,0.084991,0.131962
id09010,0.509175,0.478413,0.0124123
id23353,0.990538,0.000253825,0.00920788
id00066,0.647923,0.346495,0.00558172
id15724,0.223281,0.741635,0.0350835
id23486,0.0632577,0.000877416,0.935865
id22258,0.00629999,0.00892467,0.984775
id02292,0.561708,0.137783,0.300509
id16356,0.111299,0.0114152,0.877286
id00235,0.801123,0.022721,0.176156
id25522,0.0756362,0.00571714,0.918647
id04204,0.000211965,0.999752,3.59543e-05
id22016,0.707139,0.00913719,0.283724
id06480,0.199288,0.786866,0.0138459
id08718,0.00110769,4.22351e-05,0.99885
id05251,0.00896937,0.988499,0.00253195
id03359,0.853169,0.124306,0.0225246
id16117,0.00509017,0.000627491,0.994282
id17000,0.0037052,0.990702,0.00559321
id01730,0.169245,0.819459,0.0112952
id00630,0.985829,0.0105355,0.00363559
id18175,0.00371303,0.00449144,0.991796
id00907,0.859164,0.0757317,0.0651044
id18251,0.0105373,0.986596,0.00286659
id25861,0.367138,0.581723,0.0511388
id00398,0.900132,0.0820686,0.0177996
id27573,0.988921,0.000460631,0.0106182
id10022,0.00670732,0.978009,0.0152842
id15901,0.463416,0.00703227,0.529552
id00451,0.0372161,0.0470115,0.915772
id23129,0.0265277,0.970225,0.00324748
id26498,0.367623,0.581915,0.0504623
id14741,0.934588,0.018258,0.0471535
id18453,0.0919377,0.0601661,0.847896
id08309,0.950255,0.0402579,0.00948716
id00320,0.991435,0.00418387,0.00438141
id07688,0.162825,0.0268858,0.810289
id01556,0.00126337,8.21644e-05,0.998654
id00178,0.635024,0.222738,0.142238
id18902,0.0260904,0.0692541,0.904656
id27002,0.215502,0.777082,0.00741679
id21418,0.999577,0.000377849,4.48222e-05
id23018,0.298659,0.0546296,0.646711
id07032,0.341892,0.0354412,0.622666
id16195,0.710335,0.0401966,0.249469
id11202,0.010084,0.917682,0.0722335
id09578,0.50804,0.0336274,0.458333
id26984,0.945334,0.000633532,0.0540325
id19856,0.000412191,0.999532,5.54327e-05
id12086,0.589229,0.0436777,0.367093
id12052,0.0011726,0.000554427,0.998273
id17728,5.57832e-05,0.00738453,0.99256
id24608,0.967219,0.012806,0.0199747
id21097,0.432505,0.116945,0.450551
id20179,0.000343369,0.00674852,0.992908
id15144,0.695454,0.230413,0.0741327
id00206,0.988971,0.00926736,0.00176183
id22285,0.0425736,0.0015944,0.955832
id06417,0.0184495,0.942367,0.0391837
id00215,0.000271428,0.999594,0.00013455
id04201,0.180614,0.0814747,0.737911
id21771,0.974197,0.0156155,0.0101875
id12451,0.023134,0.676924,0.299942
id14250,0.0348575,0.662587,0.302556
id03433,0.0135207,0.980532,0.00594769
id03303,0.013385,0.00197378,0.984641
id25901,0.495115,0.125557,0.379328
id06945,0.947377,0.025001,0.0276222
id05664,0.872515,0.119497,0.00798846
id05741,0.981237,0.0154975,0.00326519
id10652,0.989281,0.00689338,0.00382572
id16300,0.877466,0.0466431,0.075891
id12319,0.299703,0.313575,0.386722
id07500,0.0685565,0.925782,0.00566163
id12478,0.112317,0.160835,0.726848
id03076,0.0517915,0.000616933,0.947592
id00969,0.26573,0.704284,0.029986
id23636,0.00350909,0.995424,0.00106645
id09791,0.0872113,0.204048,0.70874
id05680,0.0988541,0.700555,0.200591
id03672,0.0415706,0.609497,0.348932
id04286,0.00805412,0.971153,0.0207924
id23883,0.0193724,0.0259644,0.954663
id11914,0.159268,0.00531458,0.835417
id20974,0.00172327,0.997733,0.000543782
id26125,0.153321,0.0257129,0.820966
id15543,0.0833333,0.0039514,0.912715
id19471,0.998478,0.00110935,0.000412451
id11503,0.930774,0.0578438,0.0113818
id09321,0.000551047,0.954803,0.0446459
id25560,6.87312e-05,0.00140568,0.998526
id06726,0.418265,0.205724,0.376011
id05709,0.911222,0.00173925,0.0870385
id09788,0.144181,0.352536,0.503282
id05289,0.986449,0.0128904,0.000660582
id11815,0.000859486,0.998257,0.000883269
id22422,0.520476,0.0629951,0.416529
id25954,0.876357,0.0387688,0.0848741
id13601,0.780788,0.0340827,0.185129
id05677,0.966467,0.0215419,0.0119915
id10498,0.00033407,0.999438,0.000228357
id02665,0.619385,0.318788,0.061827
id10114,0.17224,0.740056,0.0877043
id26314,0.955491,0.007333,0.0371757
id21240,0.722131,0.216834,0.0610354
id15569,0.947116,0.0391269,0.0137571
id25928,0.123752,0.0556862,0.820562
id22706,0.0106437,0.987729,0.00162748
id20877,0.00675097,0.907504,0.085745
id04318,0.998358,0.00149629,0.000145613
id18299,0.185256,0.34693,0.467814
id08126,0.0398467,0.00976697,0.950386
id14293,0.239664,0.00544721,0.754889
id12759,0.947731,0.0102463,0.0420223
id11983,0.758809,0.1314,0.109792
id05580,0.066887,0.846093,0.08702
id25846,0.356121,0.596513,0.0473666
id01939,0.240235,0.00716746,0.752597
id26327,0.160807,0.143235,0.695958
id11068,0.00222728,8.41158e-05,0.997689
id08404,0.94317,0.0356281,0.0212017
id27189,0.838012,0.145219,0.0167695
id15119,0.007329,0.928938,0.0637335
id26525,0.996574,0.00146734,0.00195875
id03618,0.722273,0.227443,0.0502848
id27220,0.99822,0.000320699,0.00145917
id18777,0.0115421,7.04402e-05,0.988388
id20213,0.995085,0.000828244,0.00408668
id20403,0.943335,0.0250926,0.0315726
id03777,0.129571,0.0852599,0.785169
id10595,0.0882192,0.878997,0.0327843
id13816,0.517177,0.0071626,0.47566
id05667,0.00666284,0.00235269,0.990984
id24629,0.820674,0.0354555,0.14387
id20398,0.184002,0.182631,0.633367
id14108,0.000223739,0.000595147,0.999181
id06196,0.000152905,0.999753,9.36695e-05
id02800,0.084421,0.7419,0.173679
id18732,0.00115012,0.991087,0.00776295
id11915,0.0454759,0.908102,0.0464221
id09739,0.765519,0.153053,0.0814283
id24672,0.959044,0.0354787,0.00547687
id00414,0.00646345,0.0895686,0.903968
id16307,0.950078,0.0442614,0.00566031
id14043,0.0307717,0.00215508,0.967073
id00517,0.00019591,0.00545671,0.994347
id09744,0.767044,0.2322,0.000755756
id19257,0.946277,0.0322711,0.0214515
id15437,0.713014,0.269319,0.0176666
id16352,0.0182902,0.00635072,0.975359
id18849,0.172767,0.00147663,0.825757
id19434,2.55079e-05,0.999926,4.86431e-05
id17928,0.0442612,0.071531,0.884208
id16896,0.0229611,0.00527851,0.97176
id02135,0.26018,0.313492,0.426328
id15075,0.971823,0.0221977,0.00597969
id27486,0.00795244,0.990231,0.00181649
id19422,0.982599,0.015412,0.00198878
id09603,0.0345,0.957417,0.00808328
id02133,0.0149995,0.968428,0.0165719
id03441,0.774375,0.018067,0.207558
id02398,0.000258278,0.999569,0.000172295
id05152,0.078914,0.32538,0.595706
id17838,0.347776,0.0210599,0.631164
id25060,0.425597,0.572541,0.00186194
id09998,0.0289251,0.0288931,0.942182
id01828,0.0292675,0.835453,0.135279
id25377,0.275464,0.127179,0.597357
id22175,0.0390563,0.95569,0.00525397
id02974,0.0113595,0.022564,0.966076
id26955,0.998804,0.0011418,5.3835e-05
id21091,0.962265,0.0209772,0.0167579
id12802,0.907554,0.0281736,0.0642724
id07432,0.00369767,0.960655,0.0356469
id18749,0.0433499,0.801545,0.155105
id15030,0.00408092,0.0432036,0.952715
id17155,0.00559028,0.982163,0.0122466
id08128,0.0142609,0.775256,0.210483
id25706,0.000148072,0.984689,0.0151629
id15645,0.987728,0.0087092,0.00356284
id04943,0.412819,0.57355,0.0136304
id27566,0.0619854,0.0770631,0.860952
id11765,0.274735,0.191618,0.533647
id13783,0.651359,0.17943,0.169211
id00492,0.0135242,0.0244425,0.962033
id27636,0.0991263,0.227672,0.673201
id04273,0.874391,0.0819406,0.0436686
id02537,0.297074,0.128746,0.57418
id24349,0.207067,0.789809,0.00312428
id00023,0.000507477,0.994268,0.00522461
id23025,0.0199926,0.977539,0.00246869
id08722,0.973334,0.004866,0.0218001
id02420,0.91341,0.080765,0.00582467
id10811,0.819253,0.048889,0.131858
id04019,0.202448,0.104584,0.692968
id18334,0.997657,0.00219005,0.000153136
id16781,0.0666011,0.931957,0.00144179
id08773,0.697172,0.264898,0.0379298
id19214,0.941183,0.0400245,0.0187927
id09589,1.69282e-06,0.995001,0.00499682
id24246,0.609993,0.360582,0.0294248
id23577,0.301854,0.697421,0.000725498
id09305,0.98047,0.00837637,0.0111538
id16460,0.721603,0.0382272,0.24017
id21115,0.946433,0.0123383,0.0412284
id25996,0.347098,0.044447,0.608455
id02551,0.0029638,0.0121855,0.984851
id19352,0.0076483,0.00101128,0.99134
id03806,0.0319628,0.00978767,0.95825
id26544,0.99563,0.000541703,0.00382806
id18761,0.949738,0.0267473,0.0235145
id24148,0.0383018,0.957721,0.00397692
id16095,0.00544748,0.96567,0.0288829
id18442,0.592204,0.0401521,0.367644
id22596,1.0681e-07,2.17472e-06,0.999998
id23002,0.00125372,0.00171709,0.997029
id04797,0.957725,0.0151299,0.0271449
id06610,0.17393,0.0079079,0.818163
id16173,0.119487,0.858109,0.0224041
id18292,0.142171,0.232055,0.625774
id27328,0.998159,0.000771165,0.00106973
id01695,3.62599e-05,0.999863,0.000101232
id05761,0.440854,0.0121473,0.546999
id16354,0.953048,0.00379304,0.0431588
id12207,0.00435538,0.949901,0.0457437
id05665,0.0503307,0.00527548,0.944394
id01911,0.987418,0.00903857,0.00354372
id19153,0.0251602,0.00455306,0.970287
id10295,0.602659,0.0714471,0.325894
id23038,0.572827,0.425169,0.00200444
id23783,0.438411,0.553187,0.00840204
id27879,0.421429,0.57239,0.00618095
id19190,0.00219857,0.99779,1.12875e-05
id05065,0.74832,0.0140562,0.237624
id21296,0.0479532,0.922647,0.0293997
id13262,0.0133916,0.223383,0.763226
id10333,0.893561,0.0186174,0.0878212
id16677,0.423567,0.331776,0.244657
id01392,0.272726,0.0258516,0.701423
id27874,0.986779,0.00525691,0.00796369
id02294,3.97465e-06,0.999528,0.000467856
id18298,0.000327099,0.000536521,0.999136
id06997,0.933284,0.00834923,0.0583669
id05243,0.163469,0.3112,0.525331
id00860,0.031613,0.690774,0.277613
id26681,0.890124,0.109479,0.000396619
id06020,9.74965e-05,9.28433e-05,0.99981
id27683,0.947982,0.0202288,0.0317888
id17655,0.133668,0.859369,0.00696347
id08817,0.0692414,0.1732,0.757559
id11512,0.00551599,0.0465049,0.947979
id00478,0.34064,0.0507766,0.608583
id02116,0.962782,0.00622249,0.030995
id06746,0.820525,0.173438,0.00603728
id03863,0.053572,0.931626,0.014802
id01802,0.123911,0.576471,0.299618
id11682,0.92016,0.0224915,0.0573483
id04033,0.12063,0.819165,0.0602053
id09286,0.14736,0.512091,0.34055
id12904,0.984046,0.0124531,0.00350073
id07420,0.000110953,0.000882387,0.999007
id22398,4.36495e-05,0.999775,0.000181293
id00424,0.0285806,0.00579878,0.965621
id20960,0.961804,0.0316986,0.00649758
id10267,0.686075,0.0755227,0.238402
id19330,0.529397,0.011255,0.459348
id00994,2.52186e-05,0.999786,0.000188711
id10785,0.659649,0.258415,0.0819358
id00955,0.0114882,0.976826,0.0116853
id09757,0.00484153,0.993141,0.00201752
id10030,0.00704333,0.0126666,0.98029
id22952,0.0524934,0.0554328,0.892074
id21955,0.000112079,0.00480698,0.995081
id07674,0.842081,0.0546222,0.103297
id13760,0.0366527,0.956138,0.0072095
id18166,0.840564,0.0232165,0.136219
id23498,0.94446,0.0530382,0.00250209
id05296,0.999689,0.000274063,3.69635e-05
id26709,0.675526,0.147558,0.176916
id02853,0.986835,0.0125149,0.000649899
id06800,0.270133,0.331551,0.398316
id14758,0.518065,0.421843,0.0600916
id12356,0.997493,0.0015731,0.000933776
id21492,0.844197,0.111608,0.0441955
id27540,0.500751,0.143603,0.355646
id07376,0.0858913,0.63892,0.275188
id15201,0.294036,0.674362,0.0316021
id23388,0.00508505,0.981625,0.0132899
id13923,0.0320928,0.962985,0.00492185
id00794,0.000660202,0.990257,0.0090832
id23910,0.147677,0.128212,0.724111
id02556,0.00629741,0.0079176,0.985785
id22151,0.00634891,0.992875,0.000776078
id11698,0.0230258,0.937206,0.0397677
id11627,0.245697,0.534,0.220303
id06340,0.999587,0.000243175,0.000169584
id05123,0.998504,7.70685e-05,0.00141863
id26620,0.00275993,0.000161182,0.997079
id04002,0.0357283,0.0302544,0.934017
id26554,0.0753184,0.202098,0.722583
id18012,0.268981,0.578036,0.152982
id12964,0.00777726,0.0102007,0.982022
id18965,0.00109609,0.0364402,0.962464
id19082,0.337468,0.0154045,0.647127
id26742,0.0123032,0.00400874,0.983688
id15442,0.00826664,0.988645,0.00308876
id16647,0.887651,0.00134177,0.111007
id11544,0.0173172,0.0346928,0.94799
id20581,0.402172,0.108234,0.489594
id13192,0.500691,0.452205,0.0471037
id15814,0.155966,0.300973,0.543061
id26279,0.00430299,0.995433,0.000263678
id00240,0.99826,0.000394082,0.0013463
id22836,0.983379,0.00986098,0.00675968
id15085,0.00712109,0.970461,0.0224177
id17495,0.93115,0.00420769,0.0646418
id26762,0.65413,0.0114923,0.334378
id13685,0.999912,6.63871e-06,8.11262e-05
id16560,0.0270067,0.967378,0.00561486
id17184,0.000662296,0.996763,0.00257466
id21635,0.998415,0.000754429,0.000830361
id26751,0.0835491,0.879413,0.0370378
id12351,0.726094,0.0635946,0.210312
id14872,0.806241,0.137099,0.0566603
id18372,0.820298,0.159358,0.0203434
id26851,0.909386,0.0312976,0.0593164
id22659,0.499758,0.499772,0.000469998
id04102,0.00074996,0.000823841,0.998426
id02353,0.0276612,0.928407,0.0439322
id26721,0.922743,0.0735882,0.0036688
id11171,0.89308,0.0149167,0.0920035
id13562,0.76369,0.158793,0.0775167
id26425,0.850083,0.0512092,0.0987076
id26394,0.297512,0.0820181,0.62047
id22187,0.359083,0.405863,0.235054
id00422,0.981734,0.0125481,0.00571758
id22667,0.00170268,0.99783,0.000467473
id00911,0.880928,0.0129547,0.106117
id17291,0.338976,0.142382,0.518642
id01915,0.215987,0.224982,0.559032
id01434,0.0117721,0.00085735,0.98737
id01584,0.942767,0.0216622,0.0355705
id09266,0.967434,0.0186018,0.0139644
id17494,0.00577647,0.982023,0.0122007
id24919,0.399454,0.301755,0.29879
id21043,0.0403645,0.00499348,0.954642
id17796,0.0206792,0.972463,0.00685785
id02166,0.350933,0.0283569,0.62071
id17503,0.992732,0.00490882,0.00235947
id21203,0.978956,0.00301395,0.0180299
id25626,0.985773,0.0136238,0.000603288
id09836,0.998227,0.00172049,5.28852e-05
id24202,0.000400626,0.032168,0.967431
id27260,0.0189025,0.0197148,0.961383
id23167,0.00118586,0.00103216,0.997782
id10393,8.26522e-05,0.999592,0.000324791
id01171,0.958679,0.0395138,0.00180723
id06380,0.995257,0.00303455,0.00170818
id22686,0.405442,0.00373733,0.590821
id26250,0.197374,0.0144045,0.788222
id09315,0.0111086,0.954776,0.0341159
id00886,0.0663795,0.842639,0.0909817
id03101,0.89244,0.0601545,0.0474058
id12367,0.614936,0.0058994,0.379165
id10770,0.880109,0.0104682,0.109423
id14949,0.00850605,0.989241,0.00225266
id14141,0.286644,0.694128,0.019228
id25417,0.76837,0.179022,0.0526072
id26873,0.731967,0.0616679,0.206365
id10818,0.0713652,0.00765934,0.920976
id15146,0.932633,0.0040422,0.063325
id23328,0.971371,0.0226399,0.00598944
id16765,0.528174,0.374124,0.0977017
id24383,0.858639,0.00609713,0.135264
id21304,0.74096,0.251013,0.00802658
id12551,0.0834093,0.891392,0.0251985
id23274,0.117983,0.0713571,0.81066
id08117,0.943139,0.0117649,0.0450965
id23961,0.953836,0.00523045,0.0409333
id13865,0.0406792,0.956404,0.00291704
id22807,0.173803,0.272141,0.554056
id08951,0.0407327,0.00528957,0.953978
id18684,0.99951,0.000231309,0.000258735
id25179,0.0152193,0.969104,0.0156767
id27033,0.412933,0.0811011,0.505966
id13977,0.00311327,0.989054,0.00783239
id19337,0.000801133,0.94742,0.0517785
id25764,0.00625558,0.989453,0.00429132
id16106,0.114461,0.0271942,0.858345
id05468,0.015672,0.000541224,0.983787
id05241,0.993216,0.000358795,0.00642477
id10215,0.611768,0.0117558,0.376477
id23457,0.00933911,0.079212,0.911449
id02200,0.940287,0.0457741,0.0139388
id13714,0.0162263,0.970689,0.0130851
id20332,0.00141771,0.00139938,0.997183
id18573,0.018547,0.113643,0.86781
id08569,0.850544,0.0368809,0.112575
id22767,0.0179359,0.894141,0.0879236
id25390,0.0706987,0.912271,0.0170304
id09288,0.912838,0.00889385,0.0782681
id12381,0.990267,0.00241187,0.00732128
id02895,0.00278133,0.00511708,0.992102
id25270,0.00285632,0.00385936,0.993284
id14248,0.192232,0.00984484,0.797923
id12831,0.559328,0.015223,0.425449
id18305,0.93662,0.0394175,0.0239621
id07805,0.784186,0.206564,0.00925076
id14027,0.0488327,0.0151727,0.935995
id02760,0.888641,0.0958882,0.0154712
id24362,0.999198,0.000550036,0.000252248
id17065,0.158347,0.821471,0.0201824
id26583,0.00623524,0.761274,0.232491
id19664,0.177033,0.790613,0.0323547
id25145,0.997356,0.00173765,0.000906847
id17858,0.0697952,0.927937,0.0022675
id05148,0.0942006,0.26042,0.645379
id22928,0.977576,0.0171035,0.00532046
id21549,0.405292,0.00703673,0.587672
id12649,0.247719,0.750948,0.0013322
id21597,0.98359,0.0059228,0.010487
id27945,0.585379,0.137528,0.277093
id00243,0.997541,0.000134114,0.00232515
id02745,0.613337,0.0375772,0.349086
id23550,0.00426893,0.000889062,0.994842
id13023,0.000241628,0.000289732,0.999469
id24796,0.0503843,0.036399,0.913217
id12284,0.440702,0.505894,0.0534033
id02664,5.18668e-05,0.999711,0.000237312
id23767,0.722742,0.189375,0.0878825
id05859,0.0136587,0.953612,0.0327298
id14350,0.262287,0.117683,0.62003
id01191,0.0714102,0.782594,0.145996
id17034,0.886045,0.0428226,0.0711328
id25292,0.832763,0.158154,0.0090835
id22121,0.997735,0.00219402,7.06359e-05
id20872,0.999988,1.16289e-05,1.36686e-07
id17720,0.0334773,0.959022,0.00750072
id22658,0.240684,0.696808,0.0625076
id09567,0.796602,0.146746,0.056652
id16445,0.971074,0.027428,0.00149795
id08349,0.106027,0.532723,0.36125
id27437,0.0410496,0.14737,0.81158
id03812,0.918553,0.0708411,0.0106063
id22304,0.918951,0.0477911,0.0332579
id04449,0.894063,0.0463441,0.0595934
id15605,0.762134,0.0636124,0.174253
id01768,0.932552,0.018106,0.0493417
id20019,0.0867294,0.840146,0.0731243
id09593,0.00197152,0.965382,0.0326462
id23179,0.472692,0.0106136,0.516695
id21279,0.819874,0.0849263,0.0952
id06711,0.00133197,0.0019125,0.996756
id14243,0.00587294,0.989392,0.00473462
id04839,0.000124393,0.041268,0.958608
id17220,0.0106129,0.929201,0.0601856
id24177,0.513222,0.108561,0.378217
id20512,0.0188913,0.00451177,0.976597
id14036,0.00396008,0.995061,0.000979456
id25001,0.040725,0.00738977,0.951885
id06175,0.00216093,0.98378,0.0140586
id24720,0.269679,0.578948,0.151373
id08070,0.749368,0.241628,0.00900413
id18934,0.988922,0.00676643,0.00431192
id01338,0.910775,0.0161249,0.0730999
id19008,0.0335384,0.900253,0.0662083
id19632,0.174479,0.628968,0.196553
id26224,0.00273885,0.116943,0.880318
id08219,0.889342,0.00269746,0.107961
id24008,0.000315725,0.00101399,0.99867
id12475,0.142202,0.773526,0.0842727
id05766,0.0140692,0.00225551,0.983675
id27386,2.10006e-05,0.999789,0.000190459
id12476,0.00168905,0.997649,0.00066147
id08311,0.970584,0.0269219,0.00249383
id04996,0.191579,0.807982,0.000438957
id17350,0.0921004,0.901102,0.00679746
id05546,0.00910017,0.985096,0.00580347
id16504,0.214983,0.781759,0.00325793
id05782,1.32214e-06,7.25309e-06,0.999991
id20560,0.962162,0.00892296,0.0289154
id14171,0.00499743,0.019875,0.975128
id27461,0.163702,0.00603135,0.830267
id03581,0.224145,0.0179717,0.757883
id21847,0.0108466,0.0198222,0.969331
id11712,0.900439,0.0226426,0.0769183
id26738,0.000838228,0.00182959,0.997332
id13668,0.979562,0.0183676,0.00207074
id15114,0.964137,0.0133323,0.0225308
id20130,0.79947,0.0199099,0.18062
id18331,0.533744,0.0411183,0.425138
id24465,0.99907,0.000565607,0.000364184
id13539,0.555496,0.328756,0.115748
id27564,0.00362856,0.962335,0.0340361
id26043,0.00294737,0.000194385,0.996858
id04965,1.46346e-09,1.06035e-07,1.0
id08645,0.052771,0.0704898,0.876739
id26610,0.482616,0.0120388,0.505345
id21737,0.593626,0.254289,0.152085
id25784,0.00162465,0.984341,0.0140344
id23030,0.836481,0.032986,0.130533
id16450,0.00026459,0.997039,0.00269584
id02161,0.662451,0.00591276,0.331636
id25535,0.958773,0.00795605,0.0332705
id16566,0.788175,0.00304966,0.208775
id05714,0.984815,0.013773,0.00141148
id16524,0.9476,0.0224789,0.0299209
id23941,0.00121701,0.942297,0.0564857
id00831,0.0105122,0.114078,0.87541
id18145,0.695357,0.114392,0.190251
id17227,0.999084,0.000277248,0.000639129
id09417,0.758765,0.016533,0.224702
id21307,0.951799,0.0402161,0.00798478
id05650,0.00663915,0.990878,0.00248332
id23901,0.959257,0.0292371,0.0115056
id05831,0.980011,0.0176599,0.00232922
id16708,0.246018,0.739728,0.0142545
id02281,0.00596224,0.161179,0.832858
id11599,0.268368,0.0286145,0.703017
id18353,0.000510944,0.997624,0.00186477
id07413,0.426472,0.515977,0.0575512
id15653,0.000289623,0.99923,0.000480516
id09715,0.0102553,0.00911778,0.980627
id05108,0.16401,0.825206,0.0107835
id09537,0.744931,0.0133524,0.241716
id27596,0.99821,0.00126628,0.000524094
id24255,0.0443723,0.00137624,0.954251
id05080,6.57869e-05,3.59617e-05,0.999898
id09484,0.968123,0.00578131,0.0260958
id14864,0.00111697,1.83263e-05,0.998865
id26836,0.932427,0.0528458,0.0147275
id07003,0.820677,0.122269,0.0570542
id13750,3.09978e-07,0.999995,4.52419e-06
id21799,0.0211151,0.0782002,0.900685
id11285,0.999994,5.49908e-06,6.66507e-07
id04735,0.903488,0.070982,0.0255305
id23049,0.000531935,0.0321238,0.967344
id05826,0.334258,0.594462,0.0712799
id17916,0.375125,0.566569,0.058306
id14081,0.102695,0.00283899,0.894466
id10527,0.0124088,0.000706078,0.986885
id16059,0.0230987,0.921527,0.0553739
id25542,0.975369,0.0237859,0.000845024
id05402,1.54018e-05,0.000338331,0.999646
id01927,0.791678,0.0224572,0.185865
id27656,0.266345,0.156417,0.577238
id06708,0.139604,0.634405,0.225991
id03524,0.919877,0.0295811,0.0505415
id12297,0.790558,0.0562404,0.153202
id03439,0.979338,0.0154306,0.00523156
id04587,0.000665055,0.994648,0.00468727
id25470,0.0260611,0.970792,0.00314677
id01212,0.367334,0.601953,0.0307122
id13932,0.779462,0.117084,0.103454
id00124,0.0704011,0.00329626,0.926303
id01592,0.941383,0.0319426,0.0266743
id13461,0.317861,0.39857,0.283569
id24681,0.00344173,0.921901,0.074657
id23245,0.0587616,0.00561595,0.935623
id14073,0.379282,0.386186,0.234532
id05172,0.756705,0.00982773,0.233468
id21979,0.852074,0.00461763,0.143309
id00328,0.590353,0.000607497,0.40904
id26102,0.992093,0.00355464,0.00435248
id14867,0.146568,0.0247908,0.828641
id27544,0.0107101,0.988115,0.00117495
id16228,0.925585,0.0279756,0.046439
id16342,0.688064,0.293739,0.0181968
id24933,0.996081,0.00179525,0.00212356
id04601,0.47402,0.0650072,0.460973
id01599,0.00754974,0.969782,0.0226682
id06238,0.905188,0.0940739,0.000738332
id06826,0.0546502,0.495123,0.450227
id23307,0.840663,0.120725,0.0386118
id13575,0.975736,0.0173858,0.00687782
id24174,0.519139,0.00466283,0.476198
id19534,0.000890923,0.0109331,0.988176
id19602,0.00231829,0.00185891,0.995823
id26962,0.00721444,0.941726,0.0510596
id04448,0.0050775,0.99487,5.26797e-05
id09786,0.451871,0.369337,0.178792
id25240,0.704788,0.229387,0.065825
id14893,0.877712,0.115565,0.00672262
id24221,0.958062,0.0401175,0.00182092
id04696,0.787481,0.00246908,0.21005
id15153,0.127607,0.674249,0.198143
id13882,4.12386e-05,0.999634,0.00032502
id17836,0.530437,0.458088,0.0114751
id00574,0.00302138,0.98947,0.00750856
id02078,0.00249472,0.979195,0.0183106
id21206,0.140104,0.715976,0.14392
id20084,0.67843,0.0192983,0.302272
id26598,0.00847534,0.00167975,0.989845
id06838,0.253843,0.00182033,0.744337
id08786,0.00554793,0.00623683,0.988215
id09550,0.042929,0.0152444,0.941827
id10206,0.960176,0.0014138,0.0384098
id21113,0.955356,0.00896824,0.0356756
id21151,0.20447,0.7491,0.0464302
id02692,0.981969,0.0123122,0.00571902
id26446,0.98192,0.0128675,0.00521227
id07377,0.88151,0.109745,0.00874479
id15998,0.911816,0.0696699,0.018514
id19637,0.980368,0.00641676,0.0132152
id19735,0.0339572,0.944791,0.0212517
id13739,0.0257444,0.043506,0.93075
id25175,0.91276,0.059842,0.0273978
id00563,0.0793265,0.033255,0.887418
id09982,0.958932,0.00347123,0.0375965
id15459,1.80757e-06,0.999995,2.91741e-06
id20785,0.000810748,0.00113499,0.998054
id07145,0.000264386,0.0341969,0.965539
id22204,0.147719,0.82871,0.0235711
id09285,0.962973,0.00862161,0.0284053
id18157,2.36014e-06,3.08383e-05,0.999967
id12134,0.00633722,0.00262048,0.991042
id23914,0.998354,0.000839664,0.000806389
id10483,0.977683,0.0222458,7.13168e-05
id07092,0.998464,0.000803901,0.000732318
id14786,0.185128,0.446189,0.368683
id25741,0.76088,0.00175939,0.237361
id09050,0.0235005,0.96821,0.00828919
id04938,0.862545,0.00986808,0.127587
id05901,0.889439,0.0513806,0.0591809
id16975,0.0290028,0.961841,0.00915571
id08547,0.00646578,0.00238285,0.991151
id16355,0.9286,0.00545277,0.0659474
id14568,0.834985,0.0120367,0.152979
id25599,0.0222019,0.466477,0.511321
id01670,9.13083e-05,0.999839,6.9225e-05
id23945,0.0256869,0.97205,0.00226268
id17394,0.0458443,0.00735868,0.946797
id06501,0.0321448,0.947651,0.0202042
id26234,0.0228303,0.940828,0.0363413
id21280,0.016213,0.000697621,0.983089
id20048,0.00287103,0.0704609,0.926668
id01216,0.0813949,0.467502,0.451103
id25320,0.984714,0.00657946,0.00870634
id22833,0.035932,0.0706583,0.89341
id22056,0.45215,0.524372,0.0234777
id02275,0.000416422,0.998412,0.00117197
id26127,0.360922,0.00768563,0.631393
id17011,0.00345145,0.992393,0.00415508
id13847,0.997212,0.00158705,0.00120073
id00013,0.00346844,0.995236,0.00129518
id16463,0.880181,0.116712,0.00310694
id04845,0.211719,0.743702,0.0445794
id01787,0.019477,0.145096,0.835427
id08637,0.807931,0.0996046,0.0924645
id11414,0.00992668,0.00312458,0.986949
id13177,0.0442419,0.119731,0.836027
id24517,0.989181,0.00953871,0.00128067
id26838,0.732705,0.0581054,0.20919
id23081,0.000531589,0.998867,0.000601593
id16327,0.109967,0.879407,0.0106252
id27282,0.0318265,0.962977,0.00519672
id07489,0.836424,0.00920834,0.154368
id01718,0.000507875,0.00058571,0.998906
id15441,0.96976,0.0198665,0.010374
id27736,0.00452194,0.963039,0.0324386
id16324,0.00275262,0.063895,0.933352
id12027,0.0374825,0.209085,0.753432
id24653,0.00956845,0.989844,0.00058732
id17541,0.13007,0.0658251,0.804105
id22406,0.0262823,0.527184,0.446534
id18356,0.705351,0.222077,0.072572
id04505,0.945954,0.00703148,0.0470149
id04246,0.797623,0.02807,0.174307
id07368,0.319138,0.265961,0.414901
id26185,0.0220307,0.0127628,0.965207
id08878,0.0777973,0.15566,0.766543
id27691,0.00542964,0.00066271,0.993908
id18004,0.931298,0.0213354,0.0473665
id24426,0.676701,0.110983,0.212316
id14164,0.992217,0.00579328,0.00198992
id12653,0.000795367,0.995031,0.00417328
id18060,0.510676,0.0177955,0.471529
id18556,0.553321,0.0555555,0.391124
id27371,0.454594,0.0959725,0.449433
id11989,0.0800338,0.732469,0.187497
id26095,0.907274,0.070024,0.0227015
id24978,0.153333,0.449622,0.397045
id20322,0.691962,0.0231511,0.284887
id01954,0.974655,0.0191333,0.00621153
id07434,0.0145466,0.0466684,0.938785
id18144,0.0161702,0.00570498,0.978125
id16250,0.146449,0.836671,0.0168805
id17793,0.00624929,0.0594801,0.934271
id24067,0.00482832,0.00595222,0.989219
id13891,0.0405336,0.000529076,0.958937
id07334,0.0451588,0.911286,0.0435556
id15633,0.00366218,0.991826,0.0045117
id23239,0.901262,0.00771164,0.0910266
id10674,0.150697,0.255165,0.594138
id22093,0.736863,0.228179,0.0349588
id08444,0.0672984,0.783691,0.149011
id03257,0.163657,0.226439,0.609904
id10040,0.186229,0.708497,0.105275
id04902,0.000493798,0.000297631,0.999209
id01219,0.585553,0.393292,0.0211559
id01340,0.999345,0.000451318,0.000203441
id05117,0.00132427,0.998273,0.000402517
id04908,0.0442764,0.00431116,0.951412
id03626,0.0164224,0.00708592,0.976492
id01888,0.980467,0.0145486,0.00498395
id17199,0.0774872,0.00450092,0.918012
id11200,0.0152454,0.984418,0.00033618
id27561,0.153222,0.00143942,0.845339
id20966,0.0476436,0.945494,0.00686248
id10257,0.00236794,0.997117,0.000515111
id21168,0.00370797,0.825616,0.170676
id23363,0.0686829,0.00154689,0.92977
id05321,0.864459,0.0723153,0.0632256
id09928,7.86125e-05,7.89027e-05,0.999842
id18015,0.75252,0.239198,0.00828239
id02082,0.000295183,0.999645,5.96605e-05
id19279,0.725479,0.128051,0.14647
id08541,0.469136,0.479228,0.0516353
id15249,0.0379131,0.957007,0.00508029
id03609,0.0277809,0.944308,0.0279109
id22902,0.510071,0.0577091,0.43222
id17733,0.969822,0.0225252,0.00765244
id07554,0.0161359,0.0501346,0.93373
id14120,0.846474,0.0827228,0.0708028
id21802,0.0465425,0.883647,0.0698103
id15614,0.019192,0.972913,0.00789492
id19437,0.00140491,0.00481902,0.993776
id22698,0.935813,0.0633208,0.000866401
id21841,2.59832e-05,0.99992,5.35053e-05
id16177,0.555741,0.439813,0.0044457
id15887,0.0196933,0.0972075,0.883099
id22629,0.414409,0.00864903,0.576942
id10346,0.992342,0.0017559,0.00590187
id05154,0.965688,0.00629909,0.0280128
id22913,0.530886,0.467672,0.00144195
id10544,0.0371364,0.22647,0.736393
id08703,0.126837,0.855054,0.0181088
id12817,0.874649,0.00877588,0.116575
id25433,0.900047,0.0400629,0.0598903
id25112,0.0757886,0.00693768,0.917274
id05054,0.0404839,0.789874,0.169642
id02311,0.126783,0.831331,0.0418852
id22160,0.143589,0.815716,0.0406943
id17422,0.98923,0.0081489,0.00262112
id18985,0.858754,0.0277512,0.113495
id21905,0.155737,0.0106891,0.833574
id17474,0.957414,0.0398881,0.00269815
id15236,0.000711548,0.98337,0.0159181
id13964,0.811612,0.0627725,0.125616
id15962,6.56636e-07,0.999996,3.59529e-06
id20866,0.0105467,0.0441293,0.945324
id06625,0.0159135,0.0163417,0.967745
id09793,0.556014,0.028244,0.415742
id17365,0.00716801,0.9845,0.00833241
id18463,0.0601502,0.882865,0.0569846
id20693,0.062294,0.693728,0.243978
id08785,0.000173076,0.999133,0.000694154
id06783,0.0104517,0.978751,0.0107967
id23178,0.0363341,0.0131678,0.950498
id13513,0.000595586,0.998171,0.0012338
id25361,0.00293692,0.00558539,0.991478
id22319,0.804081,0.0344054,0.161514
id14024,0.274955,0.0142026,0.710842
id24186,0.0491238,0.938659,0.0122175
id20965,0.99892,0.000996969,8.34473e-05
id06242,0.0175371,0.0117988,0.970664
id25665,0.0131641,0.0766014,0.910235
id09706,0.708452,0.194538,0.097009
id11026,4.59015e-05,0.999702,0.000252108
id04223,0.940711,0.0248814,0.0344078
id19674,0.0273501,0.942863,0.0297866
id23420,0.00680698,0.203041,0.790152
id18059,0.00936127,0.989786,0.000853162
id22576,0.971856,0.0214608,0.00668379
id18495,0.000123056,0.998959,0.00091795
id14139,0.994068,0.00267143,0.00326029
id18313,0.00545735,0.992595,0.00194799
id27356,0.90378,0.0684675,0.0277526
id16035,0.207413,0.0574832,0.735104
id04182,0.383732,0.424055,0.192213
id15667,0.915336,0.0410029,0.043661
id08713,0.950931,0.0236249,0.0254438
id25563,0.000603885,0.998345,0.00105129
id17023,0.998805,0.00105994,0.000134776
id03014,0.000162412,0.978053,0.0217843
id23812,0.000495446,0.999399,0.000105665
id20057,0.0361558,0.285885,0.677959
id12385,0.838213,0.0982288,0.0635581
id24416,0.543113,0.445065,0.0118221
id15672,0.00292948,0.911045,0.0860253
id13868,0.315179,0.674815,0.0100063
id21095,0.00735006,0.00498196,0.987668
id05305,0.483814,0.0861247,0.430062
id15384,0.0924841,0.256084,0.651432
id14049,0.00163816,0.000200916,0.998161
id23441,0.838021,0.0969408,0.0650377
id12856,0.412257,0.0379868,0.549756
id16055,0.00703364,0.00649534,0.986471
id24771,0.672786,0.297608,0.0296058
id14053,0.94661,0.00605829,0.0473314
id19547,0.0134834,0.176574,0.809942
id03639,0.253989,0.53488,0.211131
id14546,0.464247,0.269568,0.266185
id13935,0.669773,0.273994,0.0562331
id20335,0.0798402,0.887527,0.0326324
id07301,0.193772,0.298783,0.507445
id10186,0.965395,0.00284464,0.0317607
id00192,0.519184,0.364532,0.116284
id17851,0.976405,0.0149737,0.00862166
id08403,0.203692,0.737376,0.0589321
id06183,0.560216,0.0941018,0.345683
id24738,0.126129,0.697453,0.176418
id15112,0.997601,0.00030647,0.00209226
id19819,0.00582661,0.00238125,0.991792
id17722,0.000707296,0.00125261,0.99804
id24273,0.000496908,0.959381,0.0401219
id18939,0.0100855,0.0115701,0.978344
id16076,0.658939,0.328588,0.0124727
id23158,0.0147261,0.0166337,0.96864
id12745,0.891383,0.00760827,0.101009
id22538,0.340477,0.388834,0.270689
id14975,0.0850024,0.874057,0.0409406
id27537,0.625305,0.242581,0.132114
id06632,0.416574,0.0216378,0.561788
id08100,0.121254,0.866551,0.0121949
id00843,0.995349,0.00257483,0.00207619
id22159,0.0439124,0.00729758,0.94879
id18672,0.79953,0.00128057,0.19919
id06916,0.229152,0.749676,0.0211718
id22212,0.240398,0.0398097,0.719792
id00273,0.160111,0.0360983,0.803791
id26325,0.171266,0.811944,0.0167906
id23683,0.138139,0.816877,0.0449845
id14419,0.00349706,0.968874,0.0276285
id11931,1.41366e-05,0.999969,1.6797e-05
id00568,0.0133488,0.973082,0.0135696
id12271,0.962231,0.00783557,0.0299338
id12622,0.587715,0.410747,0.00153771
id03156,0.18822,0.585311,0.226469
id25592,0.886632,0.108718,0.00464957
id24367,0.990365,0.00474775,0.00488688
id16007,0.275769,0.105139,0.619092
id04785,0.925799,0.00715688,0.0670436
id07888,0.0997358,0.521712,0.378552
id13557,0.451442,0.484347,0.064211
id20726,0.976674,0.00200018,0.021326
id09580,0.969366,0.00244735,0.0281866
