id,EAP,HPL,MWS
id02310,0.0342821,0.0116691,0.954049
id24541,0.978048,0.0171668,0.00478543
id00134,0.175471,0.814738,0.00979148
id27757,0.908296,0.0689082,0.0227963
id04081,0.961325,0.0076537,0.0310212
id27337,0.412514,0.572301,0.0151848
id24265,0.959819,0.0370166,0.00316458
id25917,0.160825,0.275007,0.564167
id04951,0.992553,0.0073816,6.54614e-05
id14549,0.990034,0.00179666,0.00816906
id22505,0.0489502,0.635248,0.315802
id24002,0.000266746,0.998618,0.00111568
id18982,0.0529312,0.381554,0.565515
id15181,0.0042764,0.995159,0.000564659
id21888,0.907938,0.0185988,0.0734634
id12035,0.000937397,7.19863e-05,0.998991
id17991,0.0662928,0.00240739,0.9313
id10707,0.999985,1.31469e-05,2.41311e-06
id07101,0.217964,0.0632534,0.718783
id00345,0.712024,0.281372,0.00660412
id05912,0.942979,0.0057721,0.0512487
id13443,0.758912,0.0727763,0.168312
id09248,0.720971,0.0161276,0.262901
id17542,0.00409933,0.993538,0.00236296
id06995,0.191908,0.0157917,0.7923
id25159,0.330944,0.00787142,0.661184
id25729,0.637126,0.255572,0.107302
id26949,0.993636,0.00315225,0.00321142
id27191,0.118777,0.0162267,0.864996
id07668,0.158083,0.0155851,0.826332
id02230,0.060052,0.179985,0.759963
id15553,0.992319,0.00331901,0.00436242
id25688,0.000639829,0.992363,0.00699671
id17545,0.996736,0.00282295,0.000440562
id13929,0.76749,0.106528,0.125983
id12880,0.305801,0.349348,0.344851
id19282,0.778444,0.121823,0.0997328
id14690,0.000429195,0.000205487,0.999365
id17975,0.0159423,0.980568,0.00348978
id08037,0.946592,0.00479434,0.0486136
id15412,0.387802,0.00522392,0.606974
id25032,0.295287,0.00488893,0.699824
id27165,0.999917,2.89446e-05,5.38576e-05
id03327,0.981605,0.011375,0.00701967
id18515,0.988049,0.00323115,0.00872023
id21003,0.308591,0.0498083,0.641601
id23855,0.000354734,0.985968,0.0136771
id20724,0.91742,0.0263085,0.0562714
id13303,0.71624,0.0684231,0.215337
id16521,0.00488838,0.296266,0.698846
id20775,0.988961,0.00777377,0.00326549
id13029,0.987464,0.00855381,0.00398196
id14660,0.811678,0.152008,0.0363149
id11028,0.00350143,4.33849e-05,0.996455
id14180,0.991786,0.00671847,0.00149509
id25860,0.997917,0.00179908,0.000283573
id11910,0.482712,0.0131793,0.504109
id08065,0.152412,0.0209915,0.826596
id22674,0.038169,0.0246637,0.937167
id25018,0.616131,0.0171803,0.366689
id10892,0.0926153,0.892485,0.0148998
id10217,0.124789,0.866682,0.00852907
id12996,0.0802591,0.0623094,0.857431
id18262,0.575794,0.184928,0.239278
id08606,0.0882186,0.863736,0.0480451
id17233,0.994461,0.000108507,0.00543087
id00101,0.79942,0.17175,0.0288299
id12225,0.969187,0.0292647,0.00154853
id01364,0.0935442,0.897717,0.00873833
id24973,0.712096,0.0121271,0.275776
id25363,0.819655,0.00550899,0.174836
id10061,0.544378,0.0576395,0.397982
id17673,0.37093,0.472094,0.156976
id13249,0.287454,0.012843,0.699703
id10107,0.000249233,0.000151248,0.9996
id04403,0.976198,0.00382209,0.0199801
id25728,0.979788,0.00623784,0.0139745
id16184,0.306952,0.079293,0.613755
id03438,0.00617608,0.000143934,0.99368
id22923,0.00254157,0.997348,0.000110288
id08610,0.997998,0.000287031,0.00171454
id25355,0.0274898,0.0947436,0.877767
id16916,0.86228,0.130603,0.00711655
id12793,0.0454475,0.947411,0.00714204
id11859,0.555788,0.00525006,0.438962
id02434,0.99943,0.000403898,0.000166062
id27703,0.00808671,0.00128487,0.990628
id25212,0.177725,0.786602,0.0356724
id11308,0.0106135,0.210572,0.778815
id26094,0.939895,0.0332434,0.0268619
id22080,0.996341,0.00363718,2.15117e-05
id03545,0.995737,0.00296557,0.00129723
id23725,0.00525339,0.0193768,0.97537
id12009,0.980405,0.00903417,0.0105609
id24241,0.299942,0.583844,0.116214
id03596,0.0999687,0.883976,0.0160551
id10749,0.0621499,0.896794,0.0410558
id22794,0.00509671,0.00761523,0.987288
id15482,0.225048,0.257995,0.516958
id04833,0.874945,0.110315,0.0147397
id00397,0.284637,0.00358197,0.711781
id14691,0.113568,0.169314,0.717117
id05193,0.00819696,0.00187464,0.989928
id19541,0.955834,0.0313766,0.0127892
id22166,0.00367636,0.00300103,0.993323
id20744,0.0189387,0.00129231,0.979769
id10392,0.0149297,0.036702,0.948368
id00770,0.961576,0.0113968,0.0270276
id06018,0.927369,0.0624181,0.0102128
id15678,0.684988,0.00513736,0.309875
id08305,0.998664,0.00109782,0.000237809
id08903,0.104535,0.00103565,0.894429
id14752,0.655839,0.272779,0.0713826
id12468,0.0514663,0.946476,0.00205772
id05085,0.640722,0.316627,0.0426514
id21993,0.318142,0.0110697,0.670788
id15503,0.959516,0.0382022,0.00228195
id03021,4.71292e-05,0.998275,0.0016782
id16123,0.998633,0.000888799,0.000478063
id19383,0.998845,0.000667762,0.000487574
id04186,0.99609,0.000377614,0.00353253
id17954,0.0049362,0.0027943,0.99227
id12030,0.177996,0.000212231,0.821792
id13020,0.940925,0.0523728,0.00670257
id25327,0.0148246,0.952861,0.0323144
id16344,0.0119512,0.0326354,0.955413
id12303,0.158596,0.833852,0.00755173
id15017,0.978719,0.017034,0.0042472
id22308,0.186558,0.0272044,0.786237
id06536,0.0404973,0.359092,0.600411
id19797,0.0250896,0.884344,0.0905663
id06332,0.401155,0.454064,0.14478
id22941,0.235388,0.157804,0.606808
id13547,0.00285002,0.0242074,0.972943
id06928,0.0401248,0.000500772,0.959374
id12521,0.192277,0.803262,0.00446066
id25716,0.805651,0.000131159,0.194218
id27116,3.86386e-08,2.8416e-08,1.0
id19941,0.0146909,0.979904,0.00540497
id05711,9.82751e-06,0.00134011,0.99865
id02097,0.0028136,0.0273216,0.969865
id03563,0.0114452,0.985485,0.00307017
id02295,0.154276,0.832741,0.0129827
id08179,0.968268,0.0111711,0.0205605
id05332,0.000987801,0.995682,0.00333007
id15697,0.675802,0.235004,0.0891949
id17026,0.840867,0.0325233,0.126609
id04243,0.627912,0.367357,0.00473133
id13175,0.999095,0.000353714,0.000551642
id05387,0.962576,0.0151338,0.0222904
id19989,0.909078,0.0783001,0.0126219
id25173,0.0891994,0.026505,0.884296
id08925,0.00364334,0.995945,0.000411949
id03034,0.0110844,0.914375,0.0745409
id13272,0.0011156,0.99497,0.00391482
id07956,0.976654,0.00194642,0.0213992
id02648,5.06423e-07,8.53489e-06,0.999991
id01778,0.117548,0.00224469,0.880208
id12846,0.00428932,0.00197851,0.993732
id19001,0.851161,0.00962848,0.13921
id05763,0.931054,0.00578352,0.0631621
id15590,7.10838e-05,0.000269358,0.99966
id04912,0.645048,0.232538,0.122415
id21201,0.92441,0.0302487,0.0453409
id13215,0.999867,9.18741e-06,0.000123925
id15612,0.00310002,0.994157,0.00274312
id18501,0.0651894,0.0147256,0.920085
id07223,0.928693,0.0449943,0.0263124
id06707,0.34193,0.161604,0.496466
id05238,0.000714536,0.999169,0.000116756
id00935,0.0267556,0.266695,0.706549
id00110,0.494805,0.193418,0.311777
id17476,0.967851,0.0285031,0.00364595
id15170,0.993265,0.00471093,0.00202416
id13397,0.655687,0.0264537,0.317859
id24283,0.830012,0.13732,0.0326683
id15234,0.999375,0.000577187,4.80611e-05
id16884,0.442231,0.414592,0.143177
id07831,0.118378,0.752186,0.129436
id16038,0.998939,0.00104378,1.70714e-05
id03629,0.991242,0.00465097,0.00410704
id21019,0.944103,0.0403964,0.0155007
id21835,0.855883,0.00881434,0.135303
id04480,0.0262635,0.973248,0.000488142
id20838,0.799564,0.18146,0.0189751
id24195,0.943691,0.00821822,0.0480907
id05448,0.863977,0.0899605,0.0460629
id15957,0.00434256,0.991549,0.00410838
id19956,0.00472093,0.000105012,0.995174
id15104,0.0072793,0.0197247,0.972996
id17559,0.987001,0.00794324,0.00505594
id16839,0.353043,0.150332,0.496625
id14493,0.915087,0.00383865,0.0810749
id08833,0.875249,0.00426143,0.12049
id15723,0.0232568,0.00218304,0.97456
id02716,0.982374,0.00591858,0.0117073
id06689,0.020414,0.976581,0.00300543
id18837,0.230235,0.020612,0.749153
id04466,0.967759,0.0272865,0.00495439
id00686,0.831672,0.0785349,0.0897928
id09010,0.354341,0.630418,0.0152408
id23353,0.994274,0.000274795,0.00545151
id00066,0.786112,0.206961,0.00692704
id15724,0.189845,0.777402,0.0327531
id23486,0.0879428,0.000897251,0.91116
id22258,0.00817399,0.011544,0.980282
id02292,0.831595,0.088205,0.0802004
id16356,0.159441,0.0151363,0.825423
id00235,0.859809,0.018395,0.121796
id25522,0.116598,0.0114094,0.871992
id04204,0.000404707,0.999475,0.000120571
id22016,0.45542,0.00618311,0.538396
id06480,0.145234,0.837352,0.0174138
id08718,0.00109724,4.22033e-05,0.998861
id05251,0.00539249,0.990656,0.0039515
id03359,0.955757,0.027525,0.0167176
id16117,0.0100086,0.00117282,0.988819
id17000,0.0115753,0.983865,0.00455925
id01730,0.152886,0.831357,0.0157564
id00630,0.980123,0.0178579,0.00201875
id18175,0.0105853,0.0085702,0.980844
id00907,0.744445,0.0299937,0.225561
id18251,0.0101162,0.98355,0.00633393
id25861,0.263657,0.698289,0.0380534
id00398,0.902384,0.081541,0.016075
id27573,0.994375,0.000368989,0.00525607
id10022,0.00599856,0.973022,0.0209792
id15901,0.261161,0.00508481,0.733754
id00451,0.0611531,0.036673,0.902174
id23129,0.0279227,0.96743,0.00464693
id26498,0.478804,0.449582,0.071614
id14741,0.894509,0.0177953,0.0876957
id18453,0.142492,0.0162393,0.841269
id08309,0.97066,0.0261075,0.00323283
id00320,0.995151,0.00128985,0.00355916
id07688,0.210886,0.063899,0.725215
id01556,0.00470639,8.82995e-05,0.995205
id00178,0.642629,0.167368,0.190002
id18902,0.0320254,0.214347,0.753628
id27002,0.117945,0.874644,0.00741014
id21418,0.999824,9.1692e-05,8.46802e-05
id23018,0.380353,0.136988,0.482659
id07032,0.413692,0.02664,0.559668
id16195,0.699355,0.0188798,0.281765
id11202,0.0250532,0.919193,0.0557541
id09578,0.861615,0.0059778,0.132407
id26984,0.979341,0.000386142,0.0202732
id19856,0.000565921,0.999292,0.000141755
id12086,0.898204,0.0163458,0.0854503
id12052,0.00107452,0.000107207,0.998818
id17728,0.00010159,0.00332434,0.996574
id24608,0.845655,0.0489952,0.10535
id21097,0.73445,0.0458157,0.219734
id20179,0.00144277,0.013652,0.984905
id15144,0.74588,0.161961,0.0921588
id00206,0.99548,0.003124,0.00139623
id22285,0.0380802,0.00272329,0.959197
id06417,0.0306835,0.905326,0.0639903
id00215,0.000785436,0.998841,0.00037334
id04201,0.131628,0.020736,0.847636
id21771,0.990735,0.00632451,0.00294074
id12451,0.0893504,0.622003,0.288647
id14250,0.0212464,0.765831,0.212923
id03433,0.0775468,0.910686,0.0117667
id03303,0.0382304,0.00271151,0.959058
id25901,0.373037,0.279022,0.347941
id06945,0.908783,0.015577,0.0756397
id05664,0.738745,0.250516,0.0107391
id05741,0.990523,0.00618334,0.00329383
id10652,0.998339,0.000983719,0.000677367
id16300,0.887723,0.0288551,0.0834216
id12319,0.388771,0.250898,0.360331
id07500,0.0455429,0.950648,0.00380891
id12478,0.0993219,0.206406,0.694272
id03076,0.0421233,0.000485537,0.957391
id00969,0.262247,0.664788,0.0729651
id23636,0.00100779,0.997789,0.0012035
id09791,0.0517999,0.314928,0.633272
id05680,0.0456335,0.6813,0.273067
id03672,0.0144812,0.816224,0.169295
id04286,0.00324963,0.98212,0.0146303
id23883,0.0675685,0.0602731,0.872158
id11914,0.312977,0.00647861,0.680544
id20974,0.00343319,0.99483,0.00173672
id26125,0.399374,0.0489491,0.551677
id15543,0.234329,0.00267468,0.762997
id19471,0.999184,0.000414008,0.000401654
id11503,0.94149,0.0474463,0.0110637
id09321,0.0010881,0.925624,0.0732874
id25560,5.07064e-05,0.00059095,0.999358
id06726,0.109743,0.0359877,0.854269
id05709,0.95339,0.000763922,0.0458458
id09788,0.0950784,0.552011,0.352911
id05289,0.975245,0.0234841,0.00127082
id11815,0.00101167,0.998689,0.000298909
id22422,0.721556,0.0875684,0.190875
id25954,0.879622,0.0276839,0.0926944
id13601,0.740469,0.0754108,0.18412
id05677,0.919915,0.064147,0.0159384
id10498,0.00673926,0.990446,0.00281517
id02665,0.784414,0.196889,0.0186969
id10114,0.160742,0.728258,0.111
id26314,0.979549,0.00566416,0.0147867
id21240,0.811266,0.142018,0.0467159
id15569,0.980064,0.0164582,0.00347791
id25928,0.146626,0.0445775,0.808796
id22706,0.0150212,0.983287,0.00169162
id20877,0.00479201,0.955771,0.0394368
id04318,0.999788,7.79501e-05,0.000134458
id18299,0.344126,0.371147,0.284727
id08126,0.0526321,0.00699678,0.940371
id14293,0.272994,0.00940191,0.717604
id12759,0.945958,0.0103109,0.0437308
id11983,0.865135,0.0557576,0.0791072
id05580,0.155469,0.574726,0.269805
id25846,0.291307,0.661186,0.0475068
id01939,0.35646,0.00823017,0.63531
id26327,0.0681362,0.108285,0.823578
id11068,0.00134562,4.99713e-05,0.998604
id08404,0.937763,0.0171108,0.0451258
id27189,0.845957,0.143803,0.0102406
id15119,0.0271143,0.89941,0.0734757
id26525,0.998746,0.000219804,0.00103401
id03618,0.74675,0.189505,0.063745
id27220,0.999246,0.000307735,0.000445969
id18777,0.00604303,1.27606e-05,0.993944
id20213,0.995261,0.000768516,0.00397028
id20403,0.912261,0.0631149,0.0246244
id03777,0.316933,0.0592405,0.623826
id10595,0.147234,0.80245,0.0503161
id13816,0.659078,0.0121333,0.328788
id05667,0.0148646,0.00350076,0.981635
id24629,0.910022,0.0256425,0.0643353
id20398,0.210922,0.0916795,0.697398
id14108,0.00153909,0.000960993,0.9975
id06196,0.000418514,0.999135,0.00044645
id02800,0.157956,0.745237,0.0968076
id18732,0.00136376,0.993217,0.00541914
id11915,0.0247359,0.956552,0.0187124
id09739,0.727062,0.126417,0.146521
id24672,0.947478,0.038913,0.0136092
id00414,0.0076789,0.100021,0.8923
id16307,0.964519,0.027266,0.00821518
id14043,0.0104722,0.00179379,0.987734
id00517,5.9542e-05,0.00136395,0.998577
id09744,0.921439,0.0776107,0.000950481
id19257,0.959308,0.0274088,0.0132832
id15437,0.632494,0.356562,0.0109444
id16352,0.0270498,0.00355873,0.969392
id18849,0.352532,0.00382364,0.643644
id19434,4.59801e-05,0.999938,1.56384e-05
id17928,0.0251495,0.0355798,0.939271
id16896,0.0420202,0.0107062,0.947274
id02135,0.0955548,0.715073,0.189373
id15075,0.97309,0.0194186,0.00749186
id27486,0.00809741,0.989261,0.00264123
id19422,0.983237,0.0147427,0.00202001
id09603,0.0965809,0.886678,0.0167413
id02133,0.0434944,0.936213,0.0202925
id03441,0.809652,0.00785073,0.182497
id02398,0.00072851,0.998536,0.000735364
id05152,0.0693666,0.16313,0.767504
id17838,0.294275,0.0173384,0.688386
id25060,0.637551,0.356591,0.00585784
id09998,0.104264,0.0456192,0.850117
id01828,0.0342354,0.898753,0.0670113
id25377,0.447808,0.0877368,0.464455
id22175,0.0213796,0.973818,0.00480275
id02974,0.0117615,0.0284404,0.959798
id26955,0.998845,0.00108039,7.50849e-05
id21091,0.975702,0.0157401,0.00855791
id12802,0.972923,0.00940545,0.0176715
id07432,0.00869191,0.962742,0.0285663
id18749,0.0332011,0.876403,0.0903959
id15030,0.0016225,0.00909985,0.989278
id17155,0.00771418,0.980057,0.0122288
id08128,0.0283239,0.853333,0.118343
id25706,0.000264651,0.986198,0.0135379
id15645,0.992791,0.00459242,0.00261663
id04943,0.741157,0.249525,0.00931848
id27566,0.0279383,0.0410852,0.930977
id11765,0.188066,0.376028,0.435907
id13783,0.834733,0.133815,0.0314518
id00492,0.0057405,0.0188852,0.975374
id27636,0.0846823,0.136974,0.778344
id04273,0.814392,0.147298,0.0383095
id02537,0.520786,0.0493133,0.429901
id24349,0.306664,0.692413,0.000922541
id00023,0.000774556,0.995196,0.00402987
id23025,0.0343067,0.962515,0.00317842
id08722,0.991545,0.00117074,0.00728468
id02420,0.977908,0.0175283,0.00456399
id10811,0.885531,0.0154779,0.0989908
id04019,0.101295,0.0487862,0.849918
id18334,0.998035,0.00183418,0.00013068
id16781,0.113019,0.881133,0.00584797
id08773,0.839548,0.145744,0.0147073
id19214,0.96276,0.00992672,0.0273132
id09589,1.80726e-06,0.999325,0.000673624
id24246,0.749874,0.228816,0.0213095
id23577,0.938989,0.0607143,0.000296615
id09305,0.990598,0.00261323,0.00678869
id16460,0.771929,0.082243,0.145828
id21115,0.956449,0.0186047,0.0249467
id25996,0.47662,0.156336,0.367044
id02551,0.00211436,0.00682734,0.991058
id19352,0.00796798,0.00368858,0.988343
id03806,0.0473574,0.00547577,0.947167
id26544,0.994834,0.000447717,0.00471866
id18761,0.955707,0.0261819,0.0181109
id24148,0.190631,0.802424,0.00694523
id16095,0.00694594,0.945599,0.0474549
id18442,0.607531,0.0295752,0.362894
id22596,1.01659e-07,1.41897e-06,0.999998
id23002,0.00064941,0.000825304,0.998525
id04797,0.985294,0.00538954,0.00931641
id06610,0.145313,0.00592656,0.84876
id16173,0.0204028,0.955073,0.0245248
id18292,0.077352,0.18428,0.738368
id27328,0.999363,0.000208773,0.000428547
id01695,7.07141e-05,0.999867,6.23544e-05
id05761,0.690173,0.00324131,0.306585
id16354,0.985802,0.0013208,0.0128769
id12207,0.0252896,0.536259,0.438451
id05665,0.0557284,0.00652367,0.937748
id01911,0.994408,0.00417978,0.00141209
id19153,0.0346335,0.00372787,0.961639
id10295,0.530252,0.0400548,0.429693
id23038,0.750743,0.248382,0.000874903
id23783,0.504067,0.490024,0.00590956
id27879,0.447928,0.547748,0.00432412
id19190,0.00233505,0.997625,3.96009e-05
id05065,0.867993,0.025904,0.106103
id21296,0.128757,0.803858,0.067385
id13262,0.0526636,0.320782,0.626554
id10333,0.955208,0.00686168,0.03793
id16677,0.67704,0.21465,0.10831
id01392,0.0769892,0.0192744,0.903736
id27874,0.992798,0.00418081,0.00302097
id02294,9.40852e-06,0.999132,0.00085831
id18298,0.0015748,0.00181189,0.996613
id06997,0.969508,0.00683674,0.0236551
id05243,0.0760756,0.172758,0.751167
id00860,0.0670935,0.625592,0.307314
id26681,0.947255,0.0523009,0.000444347
id06020,0.00116487,0.000314012,0.998521
id27683,0.976576,0.0146029,0.00882134
id17655,0.163757,0.815515,0.0207287
id08817,0.0359563,0.114015,0.850028
id11512,0.00344768,0.029532,0.96702
id00478,0.311174,0.0363613,0.652464
id02116,0.938349,0.0193455,0.0423052
id06746,0.968475,0.0269648,0.0045606
id03863,0.124949,0.8667,0.00835063
id01802,0.214813,0.327963,0.457223
id11682,0.940082,0.00722939,0.0526885
id04033,0.0835482,0.886654,0.0297975
id09286,0.117451,0.54388,0.338669
id12904,0.981796,0.0124047,0.00579923
id07420,6.59632e-05,0.000473905,0.99946
id22398,8.94461e-05,0.99975,0.000160083
id00424,0.050899,0.00223142,0.94687
id20960,0.915772,0.0710806,0.0131477
id10267,0.70916,0.0300605,0.260779
id19330,0.471808,0.00916054,0.519032
id00994,3.94512e-05,0.999769,0.000191865
id10785,0.604279,0.274851,0.12087
id00955,0.00505063,0.972113,0.0228365
id09757,0.00598318,0.986619,0.00739832
id10030,0.012023,0.00999425,0.977983
id22952,0.0529704,0.0498971,0.897133
id21955,6.08154e-05,0.00474254,0.995197
id07674,0.831306,0.0621839,0.10651
id13760,0.0786425,0.910879,0.0104782
id18166,0.93646,0.00363512,0.0599048
id23498,0.957923,0.0395579,0.00251899
id05296,0.99985,6.81763e-05,8.2007e-05
id26709,0.745128,0.135797,0.119074
id02853,0.988043,0.0116927,0.000263914
id06800,0.149796,0.442543,0.407661
id14758,0.566666,0.417894,0.0154406
id12356,0.995715,0.00319346,0.00109133
id21492,0.858826,0.118826,0.022348
id27540,0.626675,0.0680532,0.305271
id07376,0.107811,0.627225,0.264964
id15201,0.627048,0.343127,0.0298249
id23388,0.0123161,0.974024,0.0136599
id13923,0.0340162,0.954971,0.0110131
id00794,0.000512027,0.994124,0.00536444
id23910,0.105067,0.0948898,0.800043
id02556,0.0070801,0.00747627,0.985444
id22151,0.0164925,0.982236,0.00127202
id11698,0.0193925,0.926851,0.0537564
id11627,0.544606,0.278033,0.177361
id06340,0.999334,0.000201333,0.00046475
id05123,0.997706,3.81994e-05,0.00225579
id26620,0.0037898,0.000273,0.995937
id04002,0.157057,0.105682,0.737261
id26554,0.13335,0.224454,0.642196
id18012,0.204764,0.632822,0.162414
id12964,0.00273843,0.00421797,0.993044
id18965,0.000788408,0.0825537,0.916658
id19082,0.307961,0.0140079,0.678031
id26742,0.0319286,0.00407718,0.963994
id15442,0.0340114,0.955266,0.0107225
id16647,0.972441,0.000426884,0.0271326
id11544,0.0130523,0.0198484,0.967099
id20581,0.615974,0.0354336,0.348592
id13192,0.324722,0.645563,0.029715
id15814,0.126761,0.128343,0.744896
id26279,0.0507962,0.948027,0.00117642
id00240,0.998206,0.00036752,0.00142673
id22836,0.9885,0.00535281,0.00614719
id15085,0.0117292,0.947346,0.0409245
id17495,0.943951,0.000152862,0.055896
id26762,0.855874,0.00680911,0.137317
id13685,0.999665,1.90213e-06,0.000333048
id16560,0.0408577,0.957649,0.00149307
id17184,0.000404107,0.997387,0.00220927
id21635,0.998457,0.000848857,0.000693635
id26751,0.0446566,0.945848,0.00949565
id12351,0.881326,0.0324079,0.0862662
id14872,0.71897,0.231877,0.0491533
id18372,0.963209,0.0131222,0.0236685
id26851,0.907149,0.0354044,0.0574463
id22659,0.638317,0.361211,0.000471694
id04102,0.0020586,0.00135774,0.996584
id02353,0.0308744,0.941437,0.0276882
id26721,0.978804,0.016241,0.00495442
id11171,0.873679,0.0104014,0.11592
id13562,0.801386,0.152209,0.0464047
id26425,0.885438,0.0497393,0.0648225
id26394,0.204385,0.127886,0.667729
id22187,0.838619,0.09804,0.0633413
id00422,0.983823,0.0121208,0.00405585
id22667,0.00149921,0.997904,0.000596559
id00911,0.924377,0.0150927,0.0605303
id17291,0.573961,0.0263507,0.399688
id01915,0.233557,0.147209,0.619234
id01434,0.0240543,0.00274264,0.973203
id01584,0.697125,0.0271785,0.275696
id09266,0.955414,0.0179842,0.0266019
id17494,0.00462766,0.983814,0.0115579
id24919,0.680076,0.159727,0.160198
id21043,0.0694083,0.00348838,0.927103
id17796,0.00889988,0.98757,0.00352989
id02166,0.393681,0.015229,0.59109
id17503,0.9914,0.00499789,0.003602
id21203,0.968893,0.00313181,0.0279752
id25626,0.996278,0.00323062,0.000491211
id09836,0.999377,0.000595468,2.74272e-05
id24202,0.00316191,0.0440598,0.952778
id27260,0.0192506,0.00532681,0.975423
id23167,0.00229437,0.00147796,0.996228
id10393,0.000303271,0.998579,0.00111763
id01171,0.986612,0.0121072,0.00128103
id06380,0.995418,0.00176589,0.00281574
id22686,0.363878,0.00302851,0.633093
id26250,0.115263,0.00416477,0.880572
id09315,0.0335319,0.908679,0.0577891
id00886,0.0193274,0.939812,0.0408609
id03101,0.746179,0.162041,0.0917802
id12367,0.66338,0.00480033,0.331819
id10770,0.931951,0.00530266,0.0627465
id14949,0.0277065,0.970256,0.00203721
id14141,0.224443,0.755724,0.0198327
id25417,0.669928,0.274797,0.0552751
id26873,0.719993,0.0812068,0.198801
id10818,0.0335544,0.00336193,0.963084
id15146,0.98141,0.00132939,0.0172605
id23328,0.971065,0.02056,0.00837457
id16765,0.450154,0.4042,0.145646
id24383,0.960586,0.00191061,0.0375035
id21304,0.912535,0.0849216,0.00254332
id12551,0.140457,0.821994,0.0375496
id23274,0.0566621,0.129043,0.814295
id08117,0.962896,0.0132057,0.0238982
id23961,0.9495,0.00452609,0.0459739
id13865,0.0674479,0.926122,0.00643005
id22807,0.316074,0.131106,0.55282
id08951,0.0215675,0.00377577,0.974657
id18684,0.999801,0.000127102,7.19087e-05
id25179,0.177673,0.740436,0.0818912
id27033,0.722458,0.0529416,0.2246
id13977,0.00466503,0.983367,0.0119682
id19337,0.000923763,0.968758,0.030318
id25764,0.00752971,0.977646,0.0148239
id16106,0.142071,0.0315531,0.826376
id05468,0.041249,0.000676256,0.958075
id05241,0.998288,5.73087e-05,0.00165468
id10215,0.751528,0.0560543,0.192418
id23457,0.0147971,0.0424595,0.942743
id02200,0.898235,0.0512539,0.0505113
id13714,0.0343528,0.958115,0.00753236
id20332,0.0013013,0.0018884,0.99681
id18573,0.0451764,0.195459,0.759364
id08569,0.913251,0.0265678,0.0601815
id22767,0.0613972,0.902892,0.0357109
id25390,0.0728454,0.916676,0.0104789
id09288,0.948911,0.00434119,0.0467476
id12381,0.983812,0.00332526,0.0128628
id02895,0.00787279,0.0100195,0.982108
id25270,0.0032345,0.00304446,0.993721
id14248,0.25926,0.00721712,0.733523
id12831,0.861471,0.00583168,0.132697
id18305,0.911212,0.0532222,0.0355663
id07805,0.849961,0.144105,0.005934
id14027,0.0341504,0.0151121,0.950737
id02760,0.983622,0.0157525,0.00062525
id24362,0.999778,0.000162687,5.90779e-05
id17065,0.153608,0.819601,0.0267911
id26583,0.0153179,0.648673,0.336009
id19664,0.770572,0.214673,0.0147551
id25145,0.999337,0.000420332,0.000242251
id17858,0.0673536,0.927109,0.00553713
id05148,0.030133,0.0764117,0.893455
id22928,0.969421,0.0248397,0.00573948
id21549,0.59475,0.0171611,0.388089
id12649,0.121137,0.877782,0.00108147
id21597,0.992824,0.00287672,0.00429897
id27945,0.872353,0.0437619,0.0838851
id00243,0.998875,5.41796e-05,0.00107042
id02745,0.612829,0.0348253,0.352346
id23550,0.00425866,0.000654581,0.995087
id13023,0.000930566,0.000240041,0.998829
id24796,0.0972945,0.0334062,0.869299
id12284,0.459936,0.483705,0.0563584
id02664,7.88582e-05,0.998905,0.00101645
id23767,0.794097,0.0931463,0.112756
id05859,0.0200715,0.923738,0.0561905
id14350,0.266489,0.13999,0.593522
id01191,0.0708495,0.757934,0.171217
id17034,0.863833,0.0125769,0.12359
id25292,0.632336,0.35603,0.0116341
id22121,0.999266,0.00056834,0.000165837
id20872,0.999999,3.28504e-07,3.26753e-07
id17720,0.0429227,0.948316,0.00876167
id22658,0.0845909,0.901869,0.0135404
id09567,0.867012,0.0706025,0.0623857
id16445,0.995817,0.00273437,0.00144909
id08349,0.363834,0.130943,0.505223
id27437,0.0126246,0.0576706,0.929705
id03812,0.956156,0.0305745,0.0132694
id22304,0.969826,0.0120702,0.0181034
id04449,0.845247,0.103421,0.0513319
id15605,0.276395,0.0767519,0.646853
id01768,0.882564,0.0533947,0.0640412
id20019,0.162128,0.728635,0.109237
id09593,0.00244402,0.970802,0.0267537
id23179,0.629195,0.0114237,0.359381
id21279,0.762255,0.0678196,0.169926
id06711,0.00188286,0.000934135,0.997183
id14243,0.00625785,0.989832,0.00390973
id04839,8.17465e-05,0.0215159,0.978402
id17220,0.0104705,0.964854,0.0246753
id24177,0.482768,0.0772356,0.439997
id20512,0.0256496,0.00691452,0.967436
id14036,0.001657,0.997457,0.000886007
id25001,0.0471432,0.00691134,0.945946
id06175,0.00888761,0.948921,0.0421912
id24720,0.238409,0.702643,0.0589478
id08070,0.500299,0.489147,0.0105539
id18934,0.98882,0.0048605,0.00631897
id01338,0.96252,0.00195719,0.0355232
id19008,0.0368403,0.911664,0.0514956
id19632,0.237475,0.41611,0.346416
id26224,0.00337655,0.0980547,0.898569
id08219,0.856272,0.00310204,0.140626
id24008,0.000130202,0.000209967,0.99966
id12475,0.199034,0.727648,0.0733173
id05766,0.0151103,0.00482976,0.98006
id27386,1.18385e-05,0.999894,9.40902e-05
id12476,0.00457385,0.992405,0.00302158
id08311,0.95456,0.0433092,0.00213045
id04996,0.94451,0.0552179,0.000271533
id17350,0.127983,0.857228,0.0147896
id05546,0.00692347,0.973648,0.0194288
id16504,0.210191,0.766569,0.0232401
id05782,4.41922e-07,4.53273e-06,0.999995
id20560,0.95641,0.00613348,0.037457
id14171,0.00371121,0.0159446,0.980344
id27461,0.381395,0.00765608,0.610949
id03581,0.186639,0.0117529,0.801608
id21847,0.0316496,0.0129139,0.955436
id11712,0.87465,0.0227329,0.102617
id26738,0.000814242,0.0027669,0.996419
id13668,0.98947,0.00797526,0.00255519
id15114,0.974233,0.00992744,0.0158391
id20130,0.914354,0.00789493,0.0777509
id18331,0.546863,0.0212013,0.431935
id24465,0.999853,6.5697e-05,8.07985e-05
id13539,0.499703,0.352008,0.148289
id27564,0.00996222,0.86003,0.130008
id26043,0.011571,0.000426555,0.988002
id04965,1.90483e-09,3.6695e-08,1.0
id08645,0.0392643,0.0263815,0.934354
id26610,0.850331,0.00320042,0.146468
id21737,0.802598,0.168259,0.0291438
id25784,0.00587996,0.961257,0.0328634
id23030,0.936754,0.00671832,0.0565275
id16450,0.000166572,0.998056,0.0017779
id02161,0.822667,0.000752931,0.17658
id25535,0.923528,0.00707749,0.0693949
id16566,0.89828,0.00128428,0.100436
id05714,0.994929,0.00453583,0.000535127
id16524,0.937252,0.0417415,0.0210069
id23941,0.000977497,0.934583,0.0644399
id00831,0.0125145,0.091362,0.896123
id18145,0.537269,0.0544057,0.408326
id17227,0.999268,4.93366e-05,0.000682449
id09417,0.7269,0.0200266,0.253073
id21307,0.980888,0.0152904,0.00382198
id05650,0.00304009,0.994429,0.00253084
id23901,0.985085,0.00834345,0.0065713
id05831,0.977982,0.0110216,0.0109967
id16708,0.0631682,0.915564,0.0212682
id02281,0.00681641,0.0718434,0.92134
id11599,0.426995,0.043842,0.529162
id18353,0.00599966,0.977808,0.0161925
id07413,0.279377,0.666052,0.054571
id15653,0.000143587,0.999355,0.000501378
id09715,0.00901668,0.00253025,0.988453
id05108,0.198349,0.792653,0.00899808
id09537,0.770044,0.0206127,0.209344
id27596,0.998668,0.000872598,0.000459448
id24255,0.0384713,0.00147222,0.960056
id05080,4.74439e-05,5.05656e-05,0.999902
id09484,0.967603,0.00206102,0.0303362
id14864,0.00144096,1.85901e-05,0.99854
id26836,0.976705,0.0209567,0.00233776
id07003,0.895629,0.0582121,0.046159
id13750,4.20734e-07,0.999995,4.22125e-06
id21799,0.0666417,0.201412,0.731946
id11285,0.999998,6.10273e-07,8.96342e-07
id04735,0.879283,0.0908116,0.0299056
id23049,0.000363746,0.0288927,0.970743
id05826,0.240254,0.674399,0.0853466
id17916,0.439301,0.541083,0.0196157
id14081,0.0775596,0.00434128,0.918099
id10527,0.047716,0.000881221,0.951403
id16059,0.023588,0.93991,0.0365024
id25542,0.984214,0.0152891,0.000496776
id05402,2.27696e-05,0.000186716,0.99979
id01927,0.736047,0.0320385,0.231915
id27656,0.591764,0.0729012,0.335335
id06708,0.101242,0.733123,0.165635
id03524,0.827571,0.109697,0.0627328
id12297,0.927324,0.0152969,0.0573789
id03439,0.988189,0.0096397,0.00217081
id04587,0.00101337,0.989849,0.00913787
id25470,0.022482,0.970392,0.00712595
id01212,0.360612,0.598274,0.041114
id13932,0.805875,0.067591,0.126534
id00124,0.0487481,0.00170283,0.949549
id01592,0.934581,0.0345019,0.0309174
id13461,0.238495,0.568984,0.19252
id24681,0.0152737,0.847246,0.13748
id23245,0.110153,0.00673368,0.883114
id14073,0.501355,0.252967,0.245678
id05172,0.978716,0.00266528,0.0186184
id21979,0.910202,0.00458499,0.0852133
id00328,0.945778,0.000118016,0.0541038
id26102,0.987468,0.00542139,0.00711041
id14867,0.209043,0.0244058,0.766551
id27544,0.0189501,0.978948,0.00210231
id16228,0.920121,0.0104358,0.0694429
id16342,0.675776,0.304348,0.0198765
id24933,0.994989,0.00191366,0.00309729
id04601,0.76352,0.0630935,0.173386
id01599,0.0360581,0.929007,0.0349348
id06238,0.956991,0.0417368,0.00127242
id06826,0.124591,0.526917,0.348493
id23307,0.93316,0.0581001,0.00873978
id13575,0.996052,0.00227056,0.00167774
id24174,0.747985,0.0026176,0.249398
id19534,0.00150323,0.0156785,0.982818
id19602,0.00976318,0.00338056,0.986856
id26962,0.0275079,0.936214,0.0362782
id04448,0.0131225,0.986372,0.00050522
id09786,0.260237,0.654523,0.08524
id25240,0.533968,0.244284,0.221748
id14893,0.971712,0.0258483,0.00243981
id24221,0.97068,0.0281872,0.00113308
id04696,0.911252,0.00404708,0.0847013
id15153,0.084801,0.766554,0.148645
id13882,8.12327e-06,0.999817,0.000174712
id17836,0.287666,0.700067,0.012267
id00574,0.0414376,0.883735,0.074827
id02078,0.0194793,0.897689,0.0828319
id21206,0.269462,0.686336,0.0442023
id20084,0.789936,0.00932704,0.200737
id26598,0.0101373,0.00213288,0.98773
id06838,0.462253,0.0030079,0.534739
id08786,0.0036102,0.0110932,0.985297
id09550,0.029471,0.00447497,0.966054
id10206,0.981124,0.000296295,0.0185794
id21113,0.954376,0.00644272,0.0391814
id21151,0.878813,0.0682654,0.0529218
id02692,0.991714,0.00541876,0.00286722
id26446,0.997441,0.00191195,0.000647086
id07377,0.844599,0.144548,0.0108535
id15998,0.934292,0.0480113,0.0176969
id19637,0.970045,0.00922111,0.0207343
id19735,0.0365071,0.946023,0.0174701
id13739,0.12555,0.0545712,0.819879
id25175,0.953102,0.0216709,0.0252271
id00563,0.0375579,0.0162085,0.946234
id09982,0.979243,0.00154259,0.0192142
id15459,2.18488e-06,0.999997,7.694e-07
id20785,0.000292308,0.000652526,0.999055
id07145,0.000352567,0.0938283,0.905819
id22204,0.108375,0.886113,0.00551184
id09285,0.912715,0.00484472,0.08244
id18157,1.79092e-05,2.78107e-05,0.999954
id12134,0.00744683,0.00330659,0.989247
id23914,0.999593,0.000223959,0.000182652
id10483,0.998242,0.00164402,0.000113586
id07092,0.999536,0.000296899,0.000167222
id14786,0.167875,0.342994,0.489131
id25741,0.958951,0.000414525,0.0406343
id09050,0.0501352,0.939813,0.0100523
id04938,0.890286,0.00956156,0.100152
id05901,0.892459,0.0415542,0.0659868
id16975,0.00727696,0.990002,0.00272084
id08547,0.00908174,0.00298814,0.98793
id16355,0.970391,0.00637048,0.0232382
id14568,0.941461,0.0016894,0.05685
id25599,0.027265,0.440934,0.531801
id01670,0.000977525,0.99841,0.000612856
id23945,0.0361468,0.961856,0.00199705
id17394,0.0403061,0.0066934,0.953001
id06501,0.020409,0.970284,0.00930725
id26234,0.0244294,0.966897,0.00867346
id21280,0.0562073,0.00145381,0.942339
id20048,0.00391942,0.0557783,0.940302
id01216,0.101615,0.512666,0.385719
id25320,0.96297,0.00497168,0.0320586
id22833,0.0607975,0.136598,0.802604
id22056,0.35769,0.622613,0.0196967
id02275,0.000813507,0.99706,0.0021264
id26127,0.726053,0.00745972,0.266487
id17011,0.00542904,0.986473,0.00809792
id13847,0.99626,0.0012477,0.00249278
id00013,0.00606998,0.99249,0.00144003
id16463,0.982609,0.0108045,0.00658694
id04845,0.210481,0.758449,0.03107
id01787,0.013283,0.172223,0.814494
id08637,0.951917,0.0288195,0.0192638
id11414,0.00564379,0.000828448,0.993528
id13177,0.0250689,0.160921,0.81401
id24517,0.955675,0.0355868,0.00873766
id26838,0.902639,0.022985,0.0743759
id23081,0.000123781,0.999634,0.000241902
id16327,0.04688,0.943051,0.0100694
id27282,0.0244463,0.960806,0.0147477
id07489,0.584155,0.0312361,0.384609
id01718,0.00156199,0.000303828,0.998134
id15441,0.978146,0.0117907,0.0100636
id27736,0.00671623,0.944819,0.048465
id16324,0.00706983,0.0529155,0.940015
id12027,0.0450809,0.168893,0.786026
id24653,0.0110586,0.988001,0.000940623
id17541,0.485139,0.0489457,0.465916
id22406,0.0167395,0.68158,0.301681
id18356,0.944623,0.0460215,0.00935539
id04505,0.970174,0.0052746,0.0245511
id04246,0.925683,0.00968433,0.0646329
id07368,0.373606,0.276988,0.349406
id26185,0.00804564,0.00905952,0.982895
id08878,0.097906,0.350451,0.551643
id27691,0.005549,0.000402365,0.994049
id18004,0.782789,0.0228073,0.194404
id24426,0.691297,0.0460437,0.26266
id14164,0.998463,0.000944476,0.000592776
id12653,0.00173004,0.98215,0.0161203
id18060,0.767081,0.0110469,0.221872
id18556,0.690385,0.0294436,0.280171
id27371,0.10921,0.0672203,0.823569
id11989,0.0888575,0.70482,0.206323
id26095,0.952564,0.0412428,0.00619303
id24978,0.187592,0.114337,0.698072
id20322,0.819842,0.0106226,0.169536
id01954,0.965582,0.0233501,0.0110678
id07434,0.0290438,0.00666126,0.964295
id18144,0.00485879,0.0041903,0.990951
id16250,0.159557,0.791753,0.0486903
id17793,0.0203014,0.0831097,0.896589
id24067,0.0237254,0.0214111,0.954864
id13891,0.0534769,0.000446536,0.946077
id07334,0.0990806,0.864506,0.0364133
id15633,0.000363621,0.997902,0.00173466
id23239,0.905864,0.00809597,0.0860402
id10674,0.213598,0.195165,0.591237
id22093,0.734276,0.241903,0.0238205
id08444,0.120983,0.699878,0.179139
id03257,0.216875,0.202273,0.580853
id10040,0.602524,0.337583,0.0598931
id04902,0.00088731,0.000310414,0.998802
id01219,0.803168,0.192557,0.00427568
id01340,0.999526,0.000415844,5.77696e-05
id05117,0.00151329,0.997567,0.000919616
id04908,0.174019,0.0114112,0.81457
id03626,0.0274909,0.0036769,0.968832
id01888,0.989501,0.00570819,0.00479093
id17199,0.0489818,0.00447515,0.946543
id11200,0.0216076,0.977753,0.000639211
id27561,0.453979,0.00330665,0.542714
id20966,0.0234447,0.970907,0.00564837
id10257,0.00564123,0.993626,0.00073242
id21168,0.00689363,0.907232,0.0858748
id23363,0.26223,0.00333254,0.734437
id05321,0.799528,0.064173,0.136299
id09928,0.000138697,0.00018246,0.999679
id18015,0.859942,0.131426,0.00863117
id02082,0.000299641,0.999636,6.41741e-05
id19279,0.713986,0.130203,0.155811
id08541,0.492956,0.46841,0.0386336
id15249,0.0405836,0.956603,0.00281374
id03609,0.011157,0.951469,0.037374
id22902,0.569363,0.0475105,0.383127
id17733,0.976755,0.0161711,0.00707391
id07554,0.0317207,0.0572697,0.91101
id14120,0.888723,0.0505336,0.0607433
id21802,0.0415745,0.896091,0.0623347
id15614,0.00901964,0.98562,0.00536033
id19437,0.00296407,0.00210186,0.994934
id22698,0.964107,0.033157,0.00273625
id21841,0.000200688,0.999598,0.00020097
id16177,0.76063,0.237531,0.00183919
id15887,0.0215753,0.0361383,0.942286
id22629,0.636945,0.0138736,0.349182
id10346,0.997719,0.000596425,0.00168478
id05154,0.973138,0.0042802,0.0225821
id22913,0.578999,0.420265,0.000735032
id10544,0.0235088,0.233549,0.742942
id08703,0.324641,0.648514,0.0268444
id12817,0.907495,0.00293737,0.0895674
id25433,0.943899,0.0266671,0.0294337
id25112,0.0364415,0.00188243,0.961676
id05054,0.0553501,0.658335,0.286315
id02311,0.0766827,0.904198,0.0191197
id22160,0.146581,0.761733,0.0916853
id17422,0.987029,0.00848892,0.00448169
id18985,0.67871,0.0236989,0.297591
id21905,0.145327,0.0100256,0.844648
id17474,0.966166,0.0228414,0.0109924
id15236,0.000371279,0.983592,0.0160369
id13964,0.874984,0.0394089,0.0856075
id15962,1.47112e-05,0.999939,4.62238e-05
id20866,0.0235912,0.065579,0.91083
id06625,0.0492851,0.0159973,0.934718
id09793,0.467306,0.0370221,0.495672
id17365,0.00789727,0.975691,0.0164119
id18463,0.0944643,0.738018,0.167518
id20693,0.0334932,0.776522,0.189985
id08785,0.000366277,0.998191,0.00144234
id06783,0.00679689,0.98565,0.00755306
id23178,0.0581043,0.0147109,0.927185
id13513,0.0015268,0.993911,0.00456266
id25361,0.0103647,0.0169229,0.972712
id22319,0.900314,0.0427573,0.0569291
id14024,0.552752,0.0117108,0.435537
id24186,0.0392534,0.955581,0.00516531
id20965,0.999539,0.000246557,0.000214155
id06242,0.0251065,0.0149258,0.959968
id25665,0.0209094,0.246877,0.732213
id09706,0.744477,0.131032,0.124491
id11026,8.50894e-05,0.998772,0.00114306
id04223,0.984832,0.00598921,0.00917903
id19674,0.064863,0.910785,0.0243524
id23420,0.00398206,0.280998,0.71502
id18059,0.00197415,0.997771,0.000255428
id22576,0.986889,0.00877727,0.00433339
id18495,3.04058e-05,0.999552,0.00041767
id14139,0.994789,0.00120864,0.00400223
id18313,0.0258859,0.961971,0.0121427
id27356,0.940541,0.0275632,0.0318955
id16035,0.265882,0.0214121,0.712706
id04182,0.530299,0.368994,0.100708
id15667,0.965207,0.0173261,0.0174668
id08713,0.948961,0.0246438,0.0263949
id25563,0.000190505,0.999275,0.000534154
id17023,0.999466,0.000409317,0.000124583
id03014,0.000597559,0.969404,0.0299986
id23812,0.000126392,0.999836,3.75558e-05
id20057,0.0360232,0.203355,0.760622
id12385,0.883151,0.0899421,0.0269069
id24416,0.506201,0.458406,0.0353927
id15672,0.000457232,0.971684,0.0278589
id13868,0.473325,0.504238,0.022437
id21095,0.00821262,0.0202279,0.97156
id05305,0.438952,0.33628,0.224769
id15384,0.0892682,0.140784,0.769948
id14049,0.00159385,0.000176691,0.998229
id23441,0.900838,0.0756844,0.0234773
id12856,0.804094,0.0123151,0.183591
id16055,0.00890948,0.0069995,0.984091
id24771,0.696261,0.262428,0.041311
id14053,0.934217,0.00621207,0.0595709
id19547,0.0139685,0.28481,0.701222
id03639,0.236883,0.556763,0.206354
id14546,0.359512,0.525343,0.115145
id13935,0.76779,0.121594,0.110616
id20335,0.113579,0.878939,0.00748158
id07301,0.250737,0.392313,0.35695
id10186,0.983303,0.00188749,0.0148096
id00192,0.545431,0.376414,0.0781553
id17851,0.979417,0.0170303,0.00355314
id08403,0.295791,0.397191,0.307018
id06183,0.709651,0.100461,0.189888
id24738,0.128842,0.728256,0.142902
id15112,0.991548,6.69077e-05,0.00838521
id19819,0.00459306,0.00149513,0.993912
id17722,0.00218348,0.00125024,0.996566
id24273,0.00109674,0.707575,0.291328
id18939,0.0113921,0.0215116,0.967096
id16076,0.489786,0.501456,0.00875737
id23158,0.0112084,0.00810408,0.980688
id12745,0.866926,0.00570559,0.127368
id22538,0.0893452,0.775346,0.135309
id14975,0.23585,0.742412,0.0217383
id27537,0.90665,0.0581856,0.0351647
id06632,0.0367504,0.00214856,0.961101
id08100,0.0989413,0.896462,0.00459711
id00843,0.996123,0.0011818,0.00269479
id22159,0.0335975,0.00493662,0.961466
id18672,0.821066,0.000745967,0.178188
id06916,0.328297,0.629007,0.0426958
id22212,0.4157,0.0858627,0.498437
id00273,0.175216,0.0251214,0.799663
id26325,0.517597,0.462514,0.0198898
id23683,0.189262,0.771945,0.0387934
id14419,0.00333543,0.955471,0.0411935
id11931,4.37339e-06,0.999994,2.02051e-06
id00568,0.0278926,0.965334,0.00677347
id12271,0.98249,0.00598738,0.0115228
id12622,0.931701,0.0673026,0.000996868
id03156,0.16847,0.689242,0.142288
id25592,0.94116,0.0574194,0.00142019
id24367,0.982052,0.0074983,0.0104497
id16007,0.15766,0.145078,0.697262
id04785,0.957693,0.00680007,0.035507
id07888,0.0970155,0.112688,0.790296
id13557,0.591149,0.379557,0.029294
id20726,0.986184,0.00168373,0.012132
