id,EAP,HPL,MWS
id02310,0.341041,4.105e-05,0.658918
id24541,0.999998,1.19439e-06,5.06976e-07
id00134,0.546356,0.452657,0.000986749
id27757,0.999872,0.000106984,2.06729e-05
id04081,0.999715,0.000127361,0.000157785
id27337,0.562814,0.436315,0.000871342
id24265,0.999931,4.39282e-06,6.41644e-05
id25917,0.00937549,0.0426288,0.947996
id04951,1.0,3.70256e-08,4.52377e-09
id14549,0.954971,0.00743506,0.0375934
id22505,0.00369041,0.0157045,0.980605
id24002,0.000687717,0.999307,5.4188e-06
id18982,0.999755,0.000172587,7.21968e-05
id15181,0.00110503,0.993737,0.00515753
id21888,0.927115,0.0169896,0.055895
id12035,0.108501,7.73294e-05,0.891421
id17991,0.0193423,3.87954e-05,0.980619
id10707,1.0,2.50335e-08,1.06068e-08
id07101,0.000571471,1.18821e-05,0.999417
id00345,0.751695,0.17926,0.0690448
id05912,0.99967,4.77026e-05,0.000282237
id13443,0.999944,4.60916e-05,9.76208e-06
id09248,0.177693,0.0165266,0.80578
id17542,0.912893,0.0021395,0.0849677
id06995,0.00282624,2.30322e-07,0.997174
id25159,0.980759,0.000233185,0.019008
id25729,0.986475,0.00853335,0.00499145
id26949,0.999461,8.07879e-05,0.000458572
id27191,0.860732,3.67836e-06,0.139265
id07668,0.0731547,1.11089e-06,0.926844
id02230,0.000978198,0.00145164,0.99757
id15553,1.0,2.41209e-09,7.96636e-08
id25688,0.000458194,0.997208,0.00233398
id17545,0.999906,6.06669e-05,3.34582e-05
id13929,0.680592,0.19018,0.129229
id12880,0.279482,0.395695,0.324823
id19282,0.578272,0.00292413,0.418804
id14690,8.3732e-05,1.19334e-07,0.999916
id17975,2.55112e-06,0.999997,6.08898e-07
id08037,0.999917,9.10302e-07,8.1837e-05
id15412,0.998307,2.59221e-05,0.00166654
id25032,0.0404393,0.00707367,0.952487
id27165,0.999994,1.32958e-06,4.35616e-06
id03327,0.339314,0.65568,0.00500605
id18515,0.999992,7.11531e-08,7.68775e-06
id21003,0.0171768,4.03745e-05,0.982783
id23855,0.00213647,0.62269,0.375173
id20724,0.964403,0.0254843,0.0101132
id13303,0.997515,0.000148679,0.0023363
id16521,0.00104725,0.310344,0.688609
id20775,1.0,1.99678e-08,8.05107e-08
id13029,0.999698,7.64546e-05,0.000225509
id14660,0.999671,6.82316e-05,0.000260929
id11028,0.00610282,2.24817e-06,0.993895
id14180,0.999925,4.07722e-05,3.4334e-05
id25860,1.0,2.58685e-07,1.94655e-08
id11910,0.268536,0.00106505,0.730399
id08065,0.00564878,0.00144467,0.992907
id22674,6.08068e-06,7.75681e-07,0.999993
id25018,0.927349,1.30108e-05,0.072638
id10892,0.0258777,0.973705,0.000416946
id10217,0.0372381,0.916557,0.0462047
id12996,0.0492069,0.00457698,0.946216
id18262,0.993774,0.000989445,0.00523617
id08606,1.00873e-06,0.99982,0.000179235
id17233,0.999219,0.000165401,0.000615611
id00101,0.999568,6.12945e-05,0.000370931
id12225,0.809402,0.127466,0.0631324
id01364,0.0567407,0.942215,0.00104436
id24973,0.0649446,0.000446499,0.934609
id25363,0.186064,2.04216e-07,0.813936
id10061,0.409392,0.0108354,0.579773
id17673,0.0399408,0.955019,0.00504061
id13249,0.0026855,0.000227916,0.997087
id10107,0.0023082,2.78113e-06,0.997689
id04403,0.999998,5.04588e-08,1.98654e-06
id25728,0.993946,0.000332152,0.00572222
id16184,0.0246429,0.00565526,0.969702
id03438,8.49981e-05,1.70414e-07,0.999915
id22923,0.0943023,0.905596,0.000101418
id08610,0.999996,3.38431e-09,4.33734e-06
id25355,0.0849841,7.93239e-05,0.914937
id16916,0.985162,0.00653545,0.00830272
id12793,0.2093,0.790255,0.000444644
id11859,0.998532,3.48926e-05,0.00143355
id02434,0.999999,2.92798e-08,7.60109e-07
id27703,4.39078e-05,1.63281e-06,0.999954
id25212,0.329398,0.0552852,0.615316
id11308,0.0304649,0.0500721,0.919463
id26094,0.998743,0.00100532,0.000251873
id22080,0.996193,0.00368352,0.00012367
id03545,0.999991,6.73565e-06,1.76406e-06
id23725,0.000149034,3.19112e-05,0.999819
id12009,0.925304,0.0700914,0.00460469
id24241,0.281777,0.0708208,0.647402
id03596,0.000983603,0.998914,0.000102495
id10749,0.00198086,0.997653,0.000366313
id22794,9.06117e-06,1.29931e-06,0.99999
id15482,0.003047,0.033069,0.963884
id04833,0.998591,8.34179e-05,0.00132585
id00397,0.241426,1.11253e-05,0.758562
id14691,0.0375055,0.000565586,0.961929
id05193,0.000168995,4.7556e-07,0.99983
id19541,0.99993,6.45568e-05,5.35495e-06
id22166,4.18851e-07,1.83793e-07,0.999999
id20744,0.0140135,2.58129e-05,0.985961
id10392,1.38455e-06,5.68472e-09,0.999999
id00770,0.999981,1.23603e-05,6.42328e-06
id06018,0.940951,0.0540334,0.00501519
id15678,0.543838,6.93541e-06,0.456155
id08305,0.99691,0.00249902,0.000590747
id08903,0.520891,0.000213593,0.478895
id14752,0.941052,0.0588652,8.31666e-05
id12468,0.00781477,0.992068,0.000117283
id05085,0.964296,0.030708,0.00499569
id21993,0.0162076,0.00036754,0.983425
id15503,0.992107,0.0078237,6.98326e-05
id03021,1.55991e-05,0.999894,8.99535e-05
id16123,1.0,8.97837e-11,1.71994e-10
id19383,1.0,3.81499e-07,5.37187e-08
id04186,0.99999,2.09288e-06,7.93739e-06
id17954,0.00186261,2.25016e-07,0.998137
id12030,0.0178817,3.51283e-05,0.982083
id13020,0.999341,0.000437291,0.000221687
id25327,0.00895188,0.029518,0.96153
id16344,0.134654,0.0270786,0.838267
id12303,0.99284,0.00545868,0.00170139
id15017,0.999999,2.00158e-07,9.03143e-07
id22308,0.931504,1.04748e-05,0.0684855
id06536,9.75764e-05,1.03952e-05,0.999892
id19797,0.12178,0.0462999,0.83192
id06332,0.998451,0.000590434,0.000958045
id22941,0.223958,0.000678514,0.775364
id13547,0.00485716,0.000333475,0.994809
id06928,0.00474704,3.54222e-06,0.995249
id12521,0.444836,0.547263,0.0079006
id25716,0.970529,0.000368208,0.0291027
id27116,0.000136592,4.36463e-07,0.999863
id19941,0.886881,0.103927,0.00919178
id05711,0.00020824,5.2371e-06,0.999787
id02097,3.93762e-06,3.46799e-06,0.999993
id03563,0.00258235,0.99714,0.00027764
id02295,0.368079,0.619094,0.0128265
id08179,0.99997,7.87792e-08,2.98716e-05
id05332,0.000170454,0.999728,0.000101132
id15697,0.696424,0.000923504,0.302652
id17026,0.024103,0.00085878,0.975038
id04243,0.998989,0.000977886,3.30183e-05
id13175,1.0,8.29304e-10,7.51349e-09
id05387,0.999995,3.93062e-06,1.25994e-06
id19989,0.992264,0.000145562,0.0075905
id25173,0.00278518,7.00891e-07,0.997214
id08925,0.984851,0.00284208,0.0123072
id03034,0.0145566,0.696633,0.28881
id13272,0.000108844,0.999798,9.36609e-05
id07956,0.999873,3.55509e-06,0.000123194
id02648,0.307698,0.296308,0.395994
id01778,0.00670664,1.68868e-06,0.993292
id12846,4.05996e-08,2.1131e-08,1.0
id19001,0.895137,8.84028e-05,0.104775
id05763,0.990483,8.19709e-06,0.0095092
id15590,0.186012,6.01259e-06,0.813982
id04912,0.999006,0.000445422,0.000549048
id21201,0.872875,0.021129,0.105996
id13215,0.99819,5.73595e-05,0.00175268
id15612,0.00396356,0.990707,0.00532928
id18501,0.9891,6.4089e-05,0.0108358
id07223,0.930542,0.0332349,0.0362231
id06707,0.0142213,0.625789,0.359989
id05238,1.10675e-06,0.999999,3.79228e-07
id00935,3.24478e-05,1.84601e-05,0.999949
id00110,0.00124455,3.38371e-05,0.998722
id17476,0.999995,2.48262e-06,2.70345e-06
id15170,1.0,6.55493e-09,1.45757e-08
id13397,0.977255,0.00300708,0.0197384
id24283,0.45106,0.435938,0.113002
id15234,0.999985,1.08681e-05,3.98581e-06
id16884,0.203735,0.796123,0.00014249
id07831,0.995091,0.00270591,0.00220297
id16038,0.993285,0.00414429,0.0025709
id03629,0.995912,0.00139,0.00269801
id21019,0.859817,0.101167,0.0390159
id21835,0.966598,0.000772983,0.0326295
id04480,0.00123125,0.998767,2.19812e-06
id20838,0.0131856,0.124192,0.862622
id24195,0.0141972,0.00214642,0.983656
id05448,0.989932,0.00517009,0.00489754
id15957,0.0130603,0.958157,0.0287823
id19956,0.000423436,2.03186e-08,0.999577
id15104,0.00119733,0.00223429,0.996568
id17559,0.981335,0.0106078,0.00805735
id16839,0.67881,0.0533682,0.267822
id14493,0.892401,4.94273e-05,0.107549
id08833,0.863632,0.000253343,0.136115
id15723,0.00731238,0.000496003,0.992192
id02716,1.0,3.09966e-08,2.5458e-07
id06689,3.28916e-05,0.99984,0.000126954
id18837,0.972819,0.00106646,0.0261143
id04466,0.999974,2.40785e-05,2.12293e-06
id00686,0.999414,4.32722e-05,0.000542603
id09010,0.987557,0.00962012,0.00282257
id23353,0.999963,6.10292e-07,3.599e-05
id00066,0.995104,0.0021107,0.00278533
id15724,0.00457247,0.994921,0.000506238
id23486,0.000957351,2.85512e-06,0.99904
id22258,0.000846308,8.13717e-06,0.999146
id02292,0.937599,0.0270675,0.0353335
id16356,0.00242052,2.3113e-06,0.997577
id00235,0.868538,0.000117727,0.131344
id25522,0.000723423,5.19633e-07,0.999276
id04204,0.999939,2.95789e-05,3.12955e-05
id22016,0.989956,0.00673955,0.00330461
id06480,0.00244791,0.996017,0.00153465
id08718,0.530697,0.00248792,0.466815
id05251,9.52525e-05,0.999879,2.54839e-05
id03359,0.897377,0.0225835,0.0800398
id16117,0.000185336,1.86668e-07,0.999814
id17000,7.75947e-06,0.999988,4.70432e-06
id01730,0.885402,0.112576,0.00202204
id00630,0.999885,9.88609e-05,1.62619e-05
id18175,0.923429,0.000132055,0.0764391
id00907,0.999887,6.48544e-06,0.000106072
id18251,0.000177287,0.999819,4.25321e-06
id25861,0.957373,0.0217782,0.0208482
id00398,0.98579,0.00313742,0.011073
id27573,1.0,4.42892e-10,3.04321e-08
id10022,0.0041591,0.0319499,0.963891
id15901,0.000160813,1.49563e-07,0.999839
id00451,0.029689,0.00818262,0.962128
id23129,0.254635,0.730783,0.0145821
id26498,0.144428,0.854942,0.000629901
id14741,0.995256,0.00306161,0.00168286
id18453,0.0001946,4.70391e-08,0.999805
id08309,0.999646,0.000277526,7.6229e-05
id00320,1.0,3.96168e-08,3.68813e-08
id07688,0.0353728,0.00153228,0.963095
id01556,5.58719e-05,1.56592e-07,0.999944
id00178,0.99588,0.000201563,0.00391809
id18902,0.00293106,0.0135667,0.983502
id27002,0.408988,0.517933,0.0730783
id21418,1.0,5.63266e-09,7.4578e-10
id23018,0.223745,0.00536193,0.770893
id07032,0.890481,0.00207156,0.107448
id16195,0.977683,2.65494e-05,0.0222903
id11202,0.014863,0.972814,0.0123233
id09578,0.981031,0.0069263,0.0120429
id26984,0.251908,0.000369777,0.747722
id19856,6.3285e-06,0.999993,6.41082e-07
id12086,0.999188,1.05235e-05,0.000801075
id12052,0.0173857,0.000317356,0.982297
id17728,0.000980404,0.00190022,0.997119
id24608,0.996488,0.000523271,0.00298832
id21097,0.0402493,0.000337587,0.959413
id20179,1.45968e-09,1.08525e-09,1.0
id15144,0.444824,0.130897,0.42428
id00206,0.99999,3.67872e-06,5.92499e-06
id22285,0.587032,8.70404e-05,0.412881
id06417,0.0530146,0.846184,0.100801
id00215,0.0938648,0.906047,8.80611e-05
id04201,0.0104383,0.00275411,0.986808
id21771,0.999533,8.85197e-06,0.000458521
id12451,0.046405,0.282495,0.6711
id14250,0.109837,0.160771,0.729392
id03433,0.969561,0.0112513,0.0191878
id03303,0.000496403,0.000193475,0.99931
id25901,0.734557,0.0721419,0.193301
id06945,0.998587,2.52173e-05,0.00138821
id05664,0.236753,0.00770003,0.755547
id05741,0.999992,1.8719e-07,7.22769e-06
id10652,0.992411,0.00307932,0.0045098
id16300,0.999823,1.98176e-06,0.000175219
id12319,0.987636,0.000156675,0.0122075
id07500,0.000654108,0.999339,7.04362e-06
id12478,0.6103,0.153843,0.235857
id03076,0.000178182,1.99953e-07,0.999822
id00969,0.392845,0.144754,0.4624
id23636,0.0397351,0.958969,0.00129554
id09791,0.0286507,0.285442,0.685907
id05680,0.000865902,0.516578,0.482556
id03672,0.00385191,0.977654,0.0184939
id04286,0.0245501,0.383998,0.591452
id23883,1.8473e-06,6.5741e-08,0.999998
id11914,0.773099,9.64892e-05,0.226805
id20974,0.00516626,0.994775,5.85132e-05
id26125,0.0100176,1.25716e-05,0.98997
id15543,0.665175,4.34679e-05,0.334781
id19471,0.999867,4.33303e-05,8.9165e-05
id11503,0.992329,0.000973751,0.00669695
id09321,0.00609417,0.0756881,0.918218
id25560,2.15756e-07,4.73899e-08,1.0
id06726,0.0183664,0.000799314,0.980834
id05709,0.999825,1.19629e-08,0.00017523
id09788,0.88662,0.0717664,0.0416136
id05289,1.0,3.31952e-07,1.42036e-07
id11815,0.00156047,0.998348,9.16782e-05
id22422,0.9904,0.00666991,0.00293009
id25954,0.999785,6.54306e-05,0.000149125
id13601,0.459239,0.142643,0.398117
id05677,0.999015,3.78118e-05,0.000946644
id10498,0.298149,0.701433,0.000417769
id02665,0.200959,0.790598,0.00844325
id10114,0.00269995,0.562163,0.435137
id26314,0.99998,4.63692e-07,1.94133e-05
id21240,0.0579892,0.0003202,0.941691
id15569,0.999991,1.48637e-07,9.24522e-06
id25928,0.590355,0.016746,0.392899
id22706,0.000529688,0.999458,1.18842e-05
id20877,0.000442708,0.669259,0.330298
id04318,0.957166,0.000195483,0.0426387
id18299,0.886826,0.0286489,0.084525
id08126,6.7408e-07,5.07198e-09,0.999999
id14293,0.0868877,1.93608e-05,0.913093
id12759,0.99993,2.99444e-05,3.96792e-05
id11983,0.992916,0.00149775,0.0055859
id05580,0.0942053,0.895057,0.0107381
id25846,0.0369213,0.955395,0.00768383
id01939,0.202208,0.00115093,0.796641
id26327,0.747667,0.0302274,0.222106
id11068,3.38512e-06,2.07437e-09,0.999997
id08404,0.981129,7.79917e-06,0.0188635
id27189,0.995093,0.00465698,0.000249946
id15119,0.000367756,0.979695,0.0199369
id26525,0.999951,1.0539e-05,3.81517e-05
id03618,0.879583,0.112545,0.00787148
id27220,0.999986,1.32191e-05,6.09676e-07
id18777,0.0113577,0.000421937,0.98822
id20213,0.969085,0.00436053,0.0265548
id20403,0.999541,0.00044304,1.57563e-05
id03777,0.0140665,1.56365e-05,0.985918
id10595,0.000416831,0.99958,3.32494e-06
id13816,0.850856,5.91051e-05,0.149085
id05667,0.000238787,1.67379e-07,0.999761
id24629,0.893665,0.000736834,0.105598
id20398,0.0454808,0.0163453,0.938174
id14108,1.26571e-05,1.02502e-06,0.999986
id06196,9.00652e-05,0.999884,2.59445e-05
id02800,0.700259,0.271534,0.0282074
id18732,8.00485e-06,0.999988,4.33023e-06
id11915,0.00344429,0.796894,0.199662
id09739,0.99158,4.89594e-05,0.00837066
id24672,0.999998,1.4669e-06,6.70009e-07
id00414,8.50439e-05,2.31068e-06,0.999913
id16307,0.853633,0.0963014,0.0500657
id14043,0.0224826,0.000153456,0.977364
id00517,1.01751e-07,7.60173e-11,1.0
id09744,0.999999,8.79564e-07,2.32368e-07
id19257,0.908369,0.0899872,0.00164425
id15437,0.954065,0.0456821,0.000252769
id16352,0.0013388,0.000111245,0.99855
id18849,0.00606487,3.46014e-05,0.993901
id19434,5.11968e-07,0.999999,8.92167e-07
id17928,0.00095336,0.000264911,0.998782
id16896,0.000640027,6.07859e-06,0.999354
id02135,0.12773,0.0789041,0.793366
id15075,0.996163,0.00298956,0.000847309
id27486,0.000616232,0.999321,6.27765e-05
id19422,0.999982,1.04964e-05,7.0442e-06
id09603,6.81335e-05,0.999918,1.36087e-05
id02133,0.200498,0.797995,0.00150694
id03441,0.920725,2.22674e-06,0.0792732
id02398,0.00395937,0.996005,3.61318e-05
id05152,0.00476875,3.06793e-06,0.995228
id17838,0.736437,0.00566803,0.257895
id25060,0.999668,0.000329478,2.72188e-06
id09998,0.030335,0.000712468,0.968952
id01828,0.0286572,0.971047,0.00029559
id25377,0.0746946,0.000168776,0.925137
id22175,0.0108023,0.980463,0.00873457
id02974,0.000615861,9.99748e-05,0.999284
id26955,0.999974,1.87234e-05,7.12555e-06
id21091,0.998622,8.06684e-06,0.00137014
id12802,0.999726,7.67841e-05,0.000197277
id07432,6.40311e-07,0.999963,3.61824e-05
id18749,0.00382863,0.235855,0.760316
id15030,8.57861e-06,3.58809e-06,0.999988
id17155,0.00582242,0.993856,0.000321495
id08128,0.000673173,0.965129,0.0341979
id25706,2.69656e-09,0.999998,2.37192e-06
id15645,0.999986,8.35456e-06,5.26164e-06
id04943,0.999436,0.000188182,0.000375946
id27566,0.0002195,2.33441e-07,0.99978
id11765,0.000567152,1.31706e-05,0.99942
id13783,0.942173,0.0484757,0.00935174
id00492,6.68742e-05,3.6767e-06,0.999929
id27636,0.000573292,8.09176e-06,0.999419
id04273,0.999694,0.000158,0.000147744
id02537,0.421872,0.0418829,0.536246
id24349,0.999989,1.00805e-05,1.01566e-06
id00023,1.40916e-06,0.999992,6.99403e-06
id23025,0.778576,0.209119,0.0123048
id08722,0.999891,2.52065e-05,8.41334e-05
id02420,1.0,8.06215e-09,3.42361e-09
id10811,0.998505,2.70264e-06,0.00149233
id04019,1.56181e-06,4.39604e-09,0.999998
id18334,0.999847,4.77648e-05,0.000104867
id16781,0.929614,0.0645762,0.00580934
id08773,0.999993,6.04084e-06,6.69654e-07
id19214,0.772325,0.00297281,0.224702
id09589,0.00062984,0.850157,0.149213
id24246,0.999822,7.43973e-06,0.000170861
id23577,0.99982,0.000141641,3.83449e-05
id09305,0.560056,0.298039,0.141905
id16460,0.973046,0.0012912,0.0256632
id21115,0.998332,0.000463803,0.00120386
id25996,0.986255,0.00709133,0.00665394
id02551,0.000318348,1.32982e-05,0.999668
id19352,9.05118e-06,5.92546e-08,0.999991
id03806,0.023051,0.000188002,0.976761
id26544,0.995896,0.00132304,0.00278101
id18761,0.994857,0.000378995,0.00476391
id24148,0.584411,0.41513,0.00045895
id16095,0.00331504,0.459065,0.53762
id18442,0.997656,0.000409183,0.00193477
id22596,1.9415e-06,6.82184e-08,0.999998
id23002,3.20667e-05,1.12595e-07,0.999968
id04797,0.999993,4.29994e-06,2.27642e-06
id06610,0.0686862,0.000116202,0.931198
id16173,0.300878,0.27198,0.427141
id18292,0.00116099,2.40404e-06,0.998837
id27328,0.999558,4.85207e-05,0.000393731
id01695,0.0232146,0.949744,0.0270417
id05761,0.9997,4.56455e-06,0.000295674
id16354,0.999988,2.28384e-06,9.71194e-06
id12207,0.0041198,0.984273,0.0116071
id05665,0.0550381,0.000185529,0.944776
id01911,0.974082,0.0209412,0.00497676
id19153,0.000207412,3.03367e-05,0.999762
id10295,0.129831,0.748336,0.121833
id23038,0.952717,0.0454467,0.00183575
id23783,0.0325591,0.966965,0.00047557
id27879,0.999848,0.000130603,2.11518e-05
id19190,2.12386e-05,0.999943,3.57698e-05
id05065,0.999968,8.57453e-07,3.13678e-05
id21296,0.0046657,0.994491,0.000843472
id13262,0.0915593,0.0124902,0.89595
id10333,0.997455,0.000428801,0.00211651
id16677,0.916558,0.00181264,0.0816297
id01392,0.0185801,0.000849834,0.98057
id27874,0.977632,0.0106673,0.0117004
id02294,0.0549515,0.652341,0.292707
id18298,2.68883e-05,3.01454e-06,0.99997
id06997,0.999923,1.54572e-05,6.14542e-05
id05243,0.958484,0.0184247,0.0230912
id00860,1.01056e-05,0.995889,0.00410081
id26681,0.999557,0.000354746,8.86279e-05
id06020,1.41329e-06,2.16226e-09,0.999999
id27683,0.337065,0.0040425,0.658893
id17655,0.0238671,0.975151,0.000982407
id08817,0.0192191,0.000568929,0.980212
id11512,3.61705e-06,1.21155e-07,0.999996
id00478,0.00293405,0.000101094,0.996965
id02116,0.999981,6.55824e-06,1.2245e-05
id06746,0.620285,0.271243,0.108472
id03863,0.495016,0.451308,0.053676
id01802,0.052284,0.10593,0.841786
id11682,0.999401,9.90226e-06,0.000589549
id04033,0.000218435,0.999725,5.66358e-05
id09286,0.205761,0.651159,0.143079
id12904,0.999977,2.10727e-05,2.42793e-06
id07420,0.000404846,1.54125e-06,0.999594
id22398,8.44102e-07,0.999999,1.14943e-07
id00424,0.000418352,2.35683e-06,0.999579
id20960,0.999953,1.99724e-05,2.69503e-05
id10267,0.994749,0.00381436,0.00143634
id19330,0.0769788,0.000185924,0.922835
id00994,6.8151e-06,0.999975,1.7918e-05
id10785,0.638142,0.343692,0.0181656
id00955,0.00874176,0.98136,0.0098981
id09757,8.1091e-05,0.999917,2.3155e-06
id10030,0.0215504,0.00065724,0.977792
id22952,0.0923905,0.213743,0.693866
id21955,0.00656975,0.0122177,0.981212
id07674,0.942131,0.0121079,0.045761
id13760,0.0242727,0.975674,5.31117e-05
id18166,0.999828,1.37744e-07,0.000171466
id23498,0.999543,0.000353361,0.000103899
id05296,0.998008,0.00033951,0.00165223
id26709,0.725892,0.27048,0.00362771
id02853,0.999994,4.74198e-06,9.01293e-07
id06800,0.247982,0.00202012,0.749998
id14758,0.995302,0.00275657,0.00194158
id12356,0.999994,7.29625e-07,5.04049e-06
id21492,0.994699,0.00288251,0.00241866
id27540,0.859334,2.47545e-06,0.140663
id07376,0.00595784,0.399583,0.594459
id15201,0.847347,0.145736,0.00691703
id23388,0.000252812,0.983994,0.0157535
id13923,0.0220171,0.975823,0.00215996
id00794,3.9986e-07,1.0,1.07312e-07
id23910,0.99754,3.97676e-05,0.0024204
id02556,0.0269732,0.0123913,0.960636
id22151,2.11303e-05,0.999972,6.96855e-06
id11698,0.0273316,0.938823,0.0338451
id11627,0.560166,0.000186336,0.439648
id06340,0.99918,1.76305e-05,0.000802846
id05123,0.99997,5.22577e-06,2.51476e-05
id26620,6.21976e-06,4.44159e-08,0.999994
id04002,0.0048977,0.000236674,0.994866
id26554,0.124161,0.218029,0.65781
id18012,0.0159015,0.0667948,0.917304
id12964,0.861268,0.010107,0.128625
id18965,0.000373892,4.40983e-05,0.999582
id19082,0.0433138,0.000424242,0.956262
id26742,4.4533e-05,2.15136e-08,0.999955
id15442,0.00595946,0.986481,0.00755977
id16647,0.675483,0.00696189,0.317555
id11544,0.00116874,0.000609758,0.998221
id20581,0.959194,0.00302813,0.0377783
id13192,0.0227556,0.973676,0.00356808
id15814,0.0314113,0.00165861,0.96693
id26279,7.53357e-07,0.999999,7.07802e-08
id00240,0.999939,1.35793e-05,4.70747e-05
id22836,0.999994,1.53432e-06,4.42247e-06
id15085,0.00172358,0.224923,0.773353
id17495,0.181285,0.00252293,0.816192
id26762,0.974255,0.000445207,0.0253003
id13685,0.999402,2.18615e-09,0.000597919
id16560,0.000286111,0.999696,1.83517e-05
id17184,2.36411e-05,0.999909,6.73062e-05
id21635,0.999994,1.11414e-08,6.4559e-06
id26751,0.10482,0.889997,0.00518243
id12351,0.999791,2.1728e-05,0.000187557
id14872,0.698219,0.0473979,0.254383
id18372,0.901904,0.0106134,0.0874827
id26851,0.989779,0.000210507,0.0100106
id22659,0.923922,0.0760213,5.70895e-05
id04102,8.58786e-06,1.07737e-07,0.999991
id02353,0.00166523,0.994591,0.00374367
id26721,0.999997,2.93546e-06,1.96254e-07
id11171,0.131883,2.53512e-06,0.868114
id13562,0.711487,0.130577,0.157936
id26425,0.998803,6.58222e-05,0.001131
id26394,0.0756857,0.000884808,0.923429
id22187,0.0748762,0.903293,0.021831
id00422,1.0,1.2488e-07,1.45487e-07
id22667,0.000820101,0.999176,3.49423e-06
id00911,0.981288,0.0114561,0.00725603
id17291,0.185311,2.95867e-05,0.814659
id01915,0.0181829,0.00360527,0.978212
id01434,0.502854,0.0739611,0.423185
id01584,0.127126,0.00600844,0.866866
id09266,0.999358,4.60827e-05,0.000596301
id17494,2.44443e-06,0.999988,9.88868e-06
id24919,0.423424,0.0693831,0.507193
id21043,5.62023e-05,1.12841e-11,0.999944
id17796,1.66762e-05,0.99998,2.89017e-06
id02166,0.000293201,1.15949e-07,0.999707
id17503,0.761419,2.25776e-06,0.238578
id21203,0.853,0.0482874,0.0987123
id25626,1.0,2.11716e-08,2.27414e-08
id09836,0.949426,0.0445773,0.00599691
id24202,5.17556e-05,0.000478216,0.99947
id27260,0.996317,0.000177508,0.00350532
id23167,2.06959e-06,9.02944e-09,0.999998
id10393,0.0639942,0.843257,0.0927491
id01171,0.984266,0.0154336,0.00030025
id06380,0.997579,0.000108192,0.00231242
id22686,0.000751753,7.75907e-07,0.999248
id26250,0.000766073,3.12864e-06,0.999231
id09315,0.719231,0.225481,0.0552879
id00886,0.00569794,0.923493,0.0708087
id03101,0.972223,0.0140896,0.0136874
id12367,0.952126,2.55367e-05,0.0478482
id10770,0.71218,2.46036e-05,0.287795
id14949,0.025464,0.974189,0.000347246
id14141,0.746583,0.253124,0.00029317
id25417,0.999977,2.00042e-05,3.10438e-06
id26873,0.976209,0.0127275,0.0110636
id10818,0.000821671,7.29052e-06,0.999171
id15146,0.936764,0.000249556,0.0629865
id23328,0.920803,0.0381211,0.0410762
id16765,0.986316,0.0080575,0.00562678
id24383,0.941164,1.82337e-05,0.0588175
id21304,0.999917,1.67164e-05,6.64421e-05
id12551,0.0133217,0.986087,0.000590931
id23274,0.0084298,0.00120847,0.990362
id08117,0.999362,6.19215e-05,0.000576004
id23961,0.999572,1.10172e-05,0.000417346
id13865,0.141644,0.85598,0.00237571
id22807,0.146331,0.00487521,0.848794
id08951,0.912148,0.00355141,0.0843002
id18684,1.0,1.59045e-07,1.09758e-07
id25179,0.000159036,0.99904,0.000800565
id27033,0.99989,5.04445e-07,0.000109729
id13977,0.993654,0.001139,0.00520716
id19337,0.000467402,0.00251839,0.997014
id25764,0.0237249,0.97621,6.51957e-05
id16106,0.0784105,0.00442385,0.917166
id05468,0.000247482,7.32489e-06,0.999745
id05241,1.0,8.70825e-10,2.60276e-07
id10215,0.853461,0.000401497,0.146138
id23457,9.37285e-05,3.42743e-05,0.999872
id02200,0.99747,1.58232e-06,0.00252837
id13714,0.0169094,0.974131,0.00896
id20332,5.79381e-09,4.05232e-11,1.0
id18573,0.00342785,0.000113984,0.996458
id08569,0.987963,6.85407e-06,0.0120297
id22767,0.904995,0.0474423,0.0475625
id25390,0.340565,0.654149,0.00528627
id09288,1.0,1.41633e-07,3.52263e-07
id12381,0.999999,3.2335e-07,3.73046e-07
id02895,0.00116681,0.000136633,0.998697
id25270,0.000412971,2.72283e-08,0.999587
id14248,0.118697,0.0202432,0.86106
id12831,0.99961,4.09213e-05,0.000349326
id18305,0.996805,4.46418e-05,0.00314985
id07805,0.999988,9.00846e-06,3.3782e-06
id14027,0.17218,0.0535827,0.774237
id02760,0.987814,0.00725886,0.00492718
id24362,0.99999,4.54317e-06,5.04287e-06
id17065,1.87417e-05,0.999977,3.99581e-06
id26583,8.00619e-05,0.938618,0.061302
id19664,1.0,3.46253e-07,2.63408e-08
id25145,0.853076,0.0074431,0.139481
id17858,0.00320708,0.992777,0.00401599
id05148,0.0521412,0.217313,0.730546
id22928,0.997745,0.0015173,0.000737755
id21549,0.41536,1.52848e-06,0.584638
id12649,0.000681683,0.999113,0.000205332
id21597,0.999376,4.1475e-05,0.000583059
id27945,0.983032,0.00426072,0.0127069
id00243,0.999991,3.78455e-08,9.32072e-06
id02745,0.991454,6.62258e-05,0.00848028
id23550,0.0493486,1.14573e-05,0.95064
id13023,0.999135,6.24372e-06,0.000858768
id24796,0.0353981,1.22708e-06,0.964601
id12284,0.00282949,0.996655,0.000515376
id02664,6.86548e-08,0.999998,1.47721e-06
id23767,0.998303,0.00147522,0.000221382
id05859,0.856608,0.14281,0.000581707
id14350,0.994593,0.00521282,0.000194254
id01191,0.930065,0.0669756,0.00295929
id17034,0.999887,6.16505e-05,5.14903e-05
id25292,0.794585,0.112293,0.0931229
id22121,0.999996,1.33117e-06,2.8752e-06
id20872,0.996668,0.00141423,0.00191763
id17720,0.00571855,0.994254,2.78677e-05
id22658,0.0306459,0.967356,0.0019982
id09567,0.869599,0.129815,0.000585532
id16445,0.999986,8.26509e-06,5.72966e-06
id08349,0.0943602,0.00107997,0.90456
id27437,0.00100303,0.00123612,0.997761
id03812,0.999781,0.000210235,8.67942e-06
id22304,0.940798,0.00726165,0.0519399
id04449,0.513834,0.476549,0.00961747
id15605,0.72818,1.0018e-06,0.271819
id01768,0.938098,0.0442731,0.0176292
id20019,0.0918384,0.894287,0.0138748
id09593,0.00127149,0.927265,0.0714633
id23179,0.00427449,1.6252e-05,0.995709
id21279,0.991223,0.000298656,0.00847864
id06711,0.00134539,2.418e-06,0.998652
id14243,0.00786712,0.907361,0.0847717
id04839,0.00139704,0.270753,0.72785
id17220,0.000906783,0.998989,0.000104611
id24177,0.8286,0.00721529,0.164184
id20512,0.00113968,3.08196e-06,0.998857
id14036,0.000101151,0.999869,2.97832e-05
id25001,0.0406092,2.4601e-05,0.959366
id06175,0.998941,0.00104496,1.42979e-05
id24720,0.0525799,0.887074,0.0603466
id08070,0.155784,0.840879,0.00333618
id18934,0.999915,1.07394e-05,7.41201e-05
id01338,0.951079,2.62753e-05,0.048895
id19008,0.000129654,0.999066,0.000804344
id19632,0.590077,0.373987,0.0359356
id26224,2.41597e-05,0.000103518,0.999872
id08219,0.943451,8.48384e-05,0.0564643
id24008,1.11994e-07,6.67323e-11,1.0
id12475,0.956182,0.00607297,0.0377447
id05766,0.011908,0.00038351,0.987709
id27386,0.00255453,0.993064,0.00438168
id12476,0.000153867,0.999761,8.49694e-05
id08311,0.996999,0.00256893,0.000431959
id04996,0.998141,0.000685301,0.00117341
id17350,0.0220118,0.831547,0.146441
id05546,0.000423037,0.999577,3.84048e-07
id16504,0.00368415,0.995945,0.000370601
id05782,5.20962e-07,3.5038e-09,1.0
id20560,0.982846,0.0114239,0.00573034
id14171,0.144203,0.000678486,0.855119
id27461,0.938865,0.0330768,0.0280582
id03581,0.00614631,0.00152244,0.992331
id21847,0.000846797,1.4413e-06,0.999152
id11712,0.999615,2.13e-05,0.000363442
id26738,2.65248e-06,1.06216e-07,0.999997
id13668,0.999979,6.25338e-06,1.49446e-05
id15114,0.999943,9.76496e-08,5.70307e-05
id20130,0.0972157,0.0415874,0.861197
id18331,0.925871,1.00035e-05,0.0741192
id24465,1.0,1.29393e-07,6.36206e-08
id13539,0.9998,6.0113e-05,0.000140128
id27564,0.845289,0.0315923,0.123118
id26043,0.261014,1.19043e-05,0.738974
id04965,0.0198326,0.00810351,0.972064
id08645,4.10495e-08,3.0237e-10,1.0
id26610,0.912413,0.00449232,0.0830946
id21737,0.0814052,0.901089,0.0175055
id25784,0.00374367,0.783956,0.2123
id23030,0.994544,0.000102173,0.00535374
id16450,0.00143134,0.990524,0.00804452
id02161,0.954598,0.000373586,0.0450288
id25535,0.694236,0.00152825,0.304235
id16566,0.999933,9.98521e-06,5.71849e-05
id05714,0.999857,0.000103273,3.94545e-05
id16524,0.964447,0.0141177,0.0214356
id23941,0.00661497,0.890635,0.10275
id00831,0.00022224,6.08283e-05,0.999717
id18145,0.97623,0.000527952,0.0232422
id17227,1.0,5.63958e-08,6.88042e-08
id09417,0.947675,0.00739355,0.044932
id21307,0.982211,0.0128617,0.00492769
id05650,0.0012881,0.998548,0.000164022
id23901,0.937447,0.0445175,0.0180353
id05831,0.999642,9.45251e-08,0.000358139
id16708,0.0254062,0.701103,0.273491
id02281,0.00632844,4.03721e-05,0.993631
id11599,0.0541142,0.00542502,0.940461
id18353,0.0620744,0.306395,0.63153
id07413,0.464405,0.308894,0.226701
id15653,0.23357,0.761528,0.00490146
id09715,1.72744e-05,1.60228e-06,0.999981
id05108,0.0528484,0.947131,2.08596e-05
id09537,0.26608,0.000238501,0.733681
id27596,0.999983,1.52349e-05,1.74083e-06
id24255,0.754655,5.76045e-06,0.245339
id05080,1.90288e-06,4.39927e-10,0.999998
id09484,0.999971,7.51221e-06,2.11456e-05
id14864,0.00906134,1.9316e-06,0.990937
id26836,0.994346,0.00195312,0.0037012
id07003,0.999657,0.000108186,0.000234444
id13750,0.000164043,0.999829,6.98921e-06
id21799,0.0135043,0.00138341,0.985112
id11285,1.0,9.94083e-11,2.7191e-11
id04735,0.999996,3.25903e-06,9.04173e-07
id23049,9.79327e-06,1.23416e-05,0.999978
id05826,0.99952,0.000254719,0.000225694
id17916,0.394408,0.565991,0.0396012
id14081,0.00832314,2.12963e-06,0.991675
id10527,0.000648508,2.02237e-06,0.999349
id16059,0.000170727,0.999806,2.34888e-05
id25542,1.0,4.31997e-07,6.30365e-09
id05402,0.187093,0.298662,0.514245
id01927,0.993599,0.00176062,0.00464038
id27656,0.975769,0.000405524,0.0238253
id06708,0.064191,0.130931,0.804878
id03524,0.0176127,0.908725,0.0736623
id12297,0.999218,1.14852e-06,0.000781151
id03439,0.999986,1.27343e-05,1.11607e-06
id04587,0.00202744,0.982619,0.0153534
id25470,0.00115897,0.99883,1.05329e-05
id01212,0.00663928,0.977423,0.0159378
id13932,0.993892,0.0017588,0.00434919
id00124,0.103251,3.35963e-05,0.896715
id01592,0.999312,0.000210728,0.000477609
id13461,0.999503,0.000345904,0.000151214
id24681,0.0153727,0.902996,0.0816315
id23245,0.229161,0.00120653,0.769632
id14073,0.079991,0.000126615,0.919882
id05172,0.96303,0.000130505,0.0368396
id21979,0.0150411,0.000103987,0.984855
id00328,0.966096,1.248e-05,0.033892
id26102,0.999953,2.38537e-05,2.34725e-05
id14867,0.000384635,2.402e-06,0.999613
id27544,0.121889,0.877987,0.000123696
id16228,0.999504,7.24812e-06,0.000489011
id16342,0.999731,6.62877e-05,0.000202451
id24933,0.999998,5.69761e-07,1.50458e-06
id04601,0.906971,4.25247e-06,0.0930246
id01599,0.00014567,0.988632,0.0112228
id06238,0.988362,0.00785817,0.00377987
id06826,0.304696,0.0695772,0.625727
id23307,0.999988,3.90467e-06,7.84497e-06
id13575,0.997485,0.000689543,0.00182587
id24174,0.974658,9.62167e-06,0.0253318
id19534,0.278942,0.0306253,0.690432
id19602,3.02348e-05,2.22618e-07,0.999969
id26962,0.000373938,0.998716,0.000910371
id04448,0.997456,0.00235611,0.000187995
id09786,0.7739,0.217709,0.0083903
id25240,0.959155,0.00804139,0.0328039
id14893,0.999776,0.000129292,9.48266e-05
id24221,0.999977,1.95778e-05,3.86238e-06
id04696,0.442641,0.000132561,0.557227
id15153,0.00531851,0.994375,0.00030671
id13882,1.44749e-11,1.0,4.41505e-09
id17836,0.979307,0.0201322,0.000560641
id00574,0.522657,0.465823,0.0115204
id02078,0.0118256,0.454744,0.53343
id21206,0.440164,0.550591,0.00924521
id20084,0.66602,0.000335217,0.333645
id26598,0.0538745,3.25451e-05,0.946093
id06838,0.644048,0.000169399,0.355783
id08786,6.66351e-05,6.55104e-07,0.999933
id09550,0.00136782,0.0003791,0.998253
id10206,0.999673,3.03784e-05,0.00029704
id21113,0.99432,0.000113026,0.00556706
id21151,0.986591,0.0132304,0.000179078
id02692,0.999998,1.0026e-06,1.16228e-06
id26446,0.987718,0.000848665,0.0114334
id07377,0.999991,7.40101e-06,1.44723e-06
id15998,0.977933,0.0213995,0.000667504
id19637,0.999906,8.94282e-08,9.38177e-05
id19735,0.00374298,0.959947,0.0363105
id13739,0.00200193,3.26172e-05,0.997965
id25175,0.81821,0.00305146,0.178739
id00563,0.00635215,0.00205554,0.991592
id09982,0.999673,9.17665e-06,0.000318117
id15459,1.49175e-05,0.999984,1.22448e-06
id20785,2.3299e-07,3.00204e-08,1.0
id07145,0.000115542,0.00540594,0.994478
id22204,0.271976,0.566533,0.161491
id09285,0.999046,5.28804e-07,0.000953152
id18157,0.338113,0.00411932,0.657768
id12134,0.000543913,2.489e-05,0.999431
id23914,0.999999,7.87754e-08,6.48838e-07
id10483,0.992385,0.00687646,0.000738529
id07092,0.939831,0.00398142,0.0561873
id14786,0.0015225,0.000137194,0.99834
id25741,0.996713,1.54393e-05,0.00327174
id09050,0.543353,0.448922,0.00772441
id04938,0.12532,0.000300518,0.874379
id05901,0.442353,0.0020946,0.555552
id16975,0.000319213,0.973799,0.0258819
id08547,1.17492e-07,5.21221e-10,1.0
id16355,0.796736,0.000100101,0.203164
id14568,0.999804,1.30246e-05,0.000182774
id25599,5.12738e-05,0.000494454,0.999454
id01670,0.00979003,0.99016,4.97172e-05
id23945,0.44869,0.551037,0.00027326
id17394,0.031322,5.36248e-05,0.968624
id06501,0.165185,0.390234,0.444582
id26234,0.00689828,0.926062,0.0670393
id21280,8.89069e-05,7.15624e-09,0.999911
id20048,0.0023303,0.00476959,0.9929
id01216,0.0147131,0.00333369,0.981953
id25320,0.997338,1.39439e-05,0.00264793
id22833,0.00758958,0.000103204,0.992307
id22056,0.518312,0.413729,0.0679589
id02275,6.29269e-05,0.999868,6.91686e-05
id26127,0.952939,4.30293e-05,0.0470184
id17011,0.019639,0.98034,2.05965e-05
id13847,0.332143,0.0113319,0.656525
id00013,0.00322612,0.99542,0.00135403
id16463,0.417108,0.0561864,0.526705
id04845,0.0977786,0.901484,0.000736921
id01787,0.284759,0.067486,0.647755
id08637,0.999997,2.26033e-06,1.05584e-06
id11414,3.16246e-08,1.23636e-10,1.0
id13177,0.0080854,0.00181625,0.990098
id24517,0.999998,3.40571e-07,1.37328e-06
id26838,0.795641,0.000654454,0.203704
id23081,0.000589293,0.99921,0.000200955
id16327,0.0101538,0.961574,0.0282724
id27282,0.0133019,0.973837,0.0128607
id07489,0.183115,0.000103801,0.816782
id01718,1.46152e-06,2.79613e-08,0.999999
id15441,0.993261,0.00134609,0.00539342
id27736,0.000284033,0.999443,0.000273359
id16324,8.07531e-06,5.35305e-05,0.999938
id12027,0.0613064,0.241371,0.697323
id24653,3.4902e-05,0.999964,7.82791e-07
id17541,0.702121,0.0106536,0.287225
id22406,0.57377,0.183975,0.242255
id18356,0.999309,0.000113214,0.000577947
id04505,0.352205,0.366243,0.281551
id04246,0.457437,0.275153,0.267411
id07368,0.656273,0.101389,0.242338
id26185,9.91124e-06,3.39152e-07,0.99999
id08878,0.071237,0.0423761,0.886387
id27691,2.34505e-05,1.56204e-07,0.999976
id18004,0.995778,0.000181281,0.00404033
id24426,0.894882,0.00168346,0.103434
id14164,0.997873,0.00169413,0.000433115
id12653,4.34805e-07,0.999805,0.00019476
id18060,0.348664,0.000810308,0.650525
id18556,0.920495,0.00214799,0.0773573
id27371,0.0277732,0.924579,0.0476476
id11989,0.0677497,0.409174,0.523076
id26095,0.999515,0.000456641,2.82557e-05
id24978,0.00576144,0.00203868,0.9922
id20322,0.998285,2.06625e-06,0.0017125
id01954,0.999067,0.000891283,4.19272e-05
id07434,0.855822,0.0642783,0.0798992
id18144,1.34159e-06,3.57543e-07,0.999998
id16250,0.486095,0.507883,0.00602133
id17793,1.76334e-07,5.15494e-08,1.0
id24067,0.000414144,2.68342e-05,0.999559
id13891,0.0905328,2.28158e-06,0.909465
id07334,0.477792,0.406051,0.116157
id15633,0.00074965,0.999174,7.67225e-05
id23239,0.998853,3.47423e-05,0.00111255
id10674,0.0147057,0.00113312,0.984161
id22093,0.668241,0.208378,0.12338
id08444,0.293092,0.170545,0.536363
id03257,0.498631,0.00571735,0.495652
id10040,0.996853,0.00293153,0.00021517
id04902,0.117431,1.42169e-05,0.882555
id01219,0.998118,0.000836309,0.00104599
id01340,0.997155,0.00262382,0.000221302
id05117,4.90472e-05,0.99995,1.3982e-06
id04908,0.0256728,2.19345e-06,0.974325
id03626,5.97387e-05,6.97493e-09,0.99994
id01888,0.999997,1.43642e-06,1.50048e-06
id17199,0.000118362,4.26946e-08,0.999882
id11200,0.069292,0.925971,0.00473736
id27561,0.942984,0.00480068,0.0522155
id20966,0.000264562,0.994264,0.0054717
id10257,0.000914142,0.998847,0.000238473
id21168,0.000615121,0.110655,0.88873
id23363,8.90126e-05,2.08691e-07,0.999911
id05321,0.984709,0.000143668,0.0151471
id09928,0.00221279,1.01345e-05,0.997777
id18015,1.0,2.32534e-07,5.71475e-08
id02082,0.023915,0.976048,3.69351e-05
id19279,0.375321,0.293523,0.331156
id08541,0.403594,0.212,0.384406
id15249,0.000785857,0.999209,5.50653e-06
id03609,0.654723,0.27275,0.0725267
id22902,0.118145,6.55711e-05,0.881789
id17733,1.0,1.50687e-08,2.64213e-09
id07554,4.44018e-05,7.23058e-06,0.999948
id14120,0.443164,3.00388e-05,0.556805
id21802,0.000602712,0.99851,0.000887628
id15614,0.00844073,0.988036,0.00352363
id19437,7.40614e-08,2.14431e-11,1.0
id22698,0.977323,0.00635405,0.0163228
id21841,0.000104002,0.999896,1.96579e-07
id16177,0.99045,0.00916182,0.00038848
id15887,0.00162121,1.46374e-05,0.998364
id22629,0.995058,0.000348448,0.00459375
id10346,0.999287,0.000228786,0.000484207
id05154,0.982338,0.00656246,0.0110991
id22913,0.0325083,0.962401,0.00509098
id10544,0.0294551,0.00795918,0.962586
id08703,0.990248,0.00666518,0.00308728
id12817,0.158474,0.00056909,0.840957
id25433,0.993992,0.000426931,0.00558155
id25112,0.266254,3.99277e-05,0.733706
id05054,0.0588453,0.223338,0.717817
id02311,0.327051,0.645264,0.0276851
id22160,0.0163622,0.0249344,0.958703
id17422,0.999999,9.25261e-07,1.25399e-07
id18985,0.864213,0.000366697,0.135421
id21905,0.000880205,6.06464e-06,0.999114
id17474,0.999998,2.27918e-07,1.42214e-06
id15236,1.98423e-07,1.0,1.17249e-07
id13964,0.998782,0.00028441,0.000933057
id15962,0.796369,0.182475,0.0211564
id20866,0.00308549,8.15716e-05,0.996833
id06625,0.446776,0.000128614,0.553095
id09793,0.995652,3.27258e-05,0.00431563
id17365,3.21292e-08,1.0,3.56991e-07
id18463,0.0542712,0.94148,0.00424918
id20693,0.192722,0.149671,0.657607
id08785,9.07174e-05,0.99982,8.91453e-05
id06783,0.00128024,0.996576,0.00214349
id23178,0.00505756,0.000174571,0.994768
id13513,0.0105091,0.984986,0.00450482
id25361,6.92458e-05,1.25991e-05,0.999918
id22319,0.996827,0.00128682,0.00188668
id14024,0.0219802,0.00078963,0.97723
id24186,0.000391956,0.999593,1.50711e-05
id20965,0.985509,0.000815634,0.0136757
id06242,0.000372459,1.79035e-06,0.999626
id25665,0.00040189,0.511343,0.488255
id09706,0.992614,0.0023806,0.00500536
id11026,1.67748e-09,0.999998,2.33616e-06
id04223,0.999435,0.000550699,1.39544e-05
id19674,6.19309e-05,0.999714,0.000223538
id23420,0.0624199,0.0311119,0.906468
id18059,0.0250368,0.967159,0.00780417
id22576,0.999923,4.4137e-05,3.27743e-05
id18495,1.45121e-07,1.0,1.39555e-07
id14139,0.999998,2.34738e-07,1.43735e-06
id18313,0.0763594,0.922217,0.00142347
id27356,0.999979,8.47125e-06,1.25706e-05
id16035,0.00149356,6.61744e-07,0.998506
id04182,0.00020392,0.000143374,0.999653
id15667,0.988577,0.00445103,0.00697241
id08713,1.0,2.39158e-07,3.75931e-08
id25563,2.79596e-06,0.999996,9.23989e-07
id17023,0.999994,5.14943e-06,4.80613e-07
id03014,3.29969e-08,1.0,2.05186e-07
id23812,0.165615,0.833576,0.000809011
id20057,0.0975309,0.00312582,0.899343
id12385,0.997753,9.10514e-06,0.0022378
id24416,0.966702,0.0248943,0.00840399
id15672,3.36381e-05,0.999931,3.59007e-05
id13868,0.999994,3.4878e-06,2.6773e-06
id21095,0.760246,0.0613782,0.178376
id05305,0.379478,0.440998,0.179524
id15384,0.0138296,0.0136377,0.972533
id14049,0.000112058,2.01387e-07,0.999888
id23441,0.872545,0.0808432,0.0466118
id12856,0.00079247,1.31589e-07,0.999207
id16055,1.04634e-05,1.83326e-06,0.999988
id24771,0.987922,0.00741282,0.00466533
id14053,0.997591,7.05491e-07,0.0024084
id19547,0.000698347,0.452352,0.54695
id03639,0.000744607,0.999174,8.15544e-05
id14546,0.00527047,0.847728,0.147001
id13935,0.992349,1.8455e-06,0.00764882
id20335,0.41161,0.504886,0.083504
id07301,0.22663,0.000875352,0.772495
id10186,0.99888,2.47536e-06,0.001117
id00192,0.922394,0.0483018,0.0293044
id17851,0.999131,0.000813275,5.62538e-05
id08403,0.120053,0.244637,0.635309
id06183,0.230115,0.527882,0.242003
