id,EAP,HPL,MWS
id02310,6.46803e-06,1.52182e-07,0.999993
id24541,0.999999,5.7883e-07,9.76365e-12
id00134,0.931053,0.0689453,1.19137e-06
id27757,0.992957,0.00704135,2.11206e-06
id04081,0.0176858,0.0136311,0.968683
id27337,0.959632,0.0403683,2.92432e-08
id24265,0.999211,0.00071025,7.90966e-05
id25917,0.0083506,0.110996,0.880654
id04951,1.0,9.26993e-09,3.30447e-09
id14549,0.999499,0.000199517,0.000301182
id22505,0.246107,0.0304016,0.723491
id24002,0.000243,0.999757,6.38465e-09
id18982,0.0917683,0.907996,0.000235291
id15181,3.79693e-05,0.999961,1.14956e-06
id21888,0.628464,1.98808e-05,0.371516
id12035,0.822873,1.41521e-08,0.177127
id17991,0.675422,4.36426e-05,0.324534
id10707,1.0,5.26921e-11,4.44855e-11
id07101,1.47091e-07,2.00604e-07,1.0
id00345,0.9117,0.0882259,7.36273e-05
id05912,0.999994,1.72312e-06,4.74536e-06
id13443,0.999999,5.63427e-07,4.49725e-09
id09248,0.078965,0.00195613,0.919079
id17542,0.0700402,2.69702e-05,0.929933
id06995,0.233878,3.98616e-07,0.766122
id25159,0.969093,1.42191e-07,0.0309065
id25729,0.999597,0.00031902,8.41024e-05
id26949,0.999685,0.000279974,3.47113e-05
id27191,0.942726,2.13736e-06,0.0572715
id07668,0.93065,3.21711e-08,0.0693501
id02230,0.00184155,0.00870095,0.989458
id15553,1.0,1.11823e-10,6.77314e-13
id25688,1.05248e-05,0.999986,3.17424e-06
id17545,0.999991,7.1753e-06,1.8933e-06
id13929,0.0126963,0.128063,0.859241
id12880,0.00476203,0.935905,0.0593329
id19282,0.946612,0.0067316,0.0466565
id14690,6.41074e-06,2.22589e-11,0.999994
id17975,6.72088e-07,0.999999,1.06018e-10
id08037,1.0,5.37606e-09,2.23566e-08
id15412,0.993549,2.7863e-09,0.00645128
id25032,0.71264,0.00537466,0.281985
id27165,1.0,1.49144e-08,1.20689e-07
id03327,0.977503,0.0224963,5.87204e-07
id18515,0.999998,1.32306e-08,1.5161e-06
id21003,0.00453977,5.59154e-06,0.995455
id23855,0.000165386,0.993648,0.00618666
id20724,0.999578,0.000188853,0.00023352
id13303,0.999805,3.14567e-06,0.000191843
id16521,9.35054e-05,0.0331628,0.966744
id20775,1.0,1.63648e-12,1.69439e-15
id13029,0.999454,7.67391e-05,0.000469281
id14660,0.999984,1.54743e-05,5.27313e-07
id11028,0.00194601,3.58329e-08,0.998054
id14180,0.999997,2.92052e-06,1.94252e-08
id25860,1.0,6.58761e-08,1.07203e-10
id11910,0.882796,5.16486e-07,0.117204
id08065,0.0220541,0.000264712,0.977681
id22674,7.1194e-09,6.13239e-12,1.0
id25018,0.969768,8.29141e-07,0.0302312
id10892,5.87327e-06,0.999994,1.68495e-08
id10217,0.0880284,0.910727,0.00124459
id12996,0.265693,9.34199e-05,0.734213
id18262,0.999999,1.98695e-08,6.15766e-07
id08606,9.26099e-07,0.999999,3.05668e-09
id17233,0.999995,2.03445e-08,4.56234e-06
id00101,0.999981,3.20544e-07,1.91069e-05
id12225,0.997842,0.00160596,0.000551567
id01364,1.57921e-05,0.999982,2.12165e-06
id24973,0.0179656,6.90755e-06,0.982027
id25363,0.999977,1.5676e-08,2.26808e-05
id10061,0.294149,0.0192919,0.686559
id17673,0.0107153,0.989162,0.000123011
id13249,0.880815,0.014798,0.104387
id10107,1.62096e-05,1.68297e-10,0.999984
id04403,1.0,6.72981e-10,1.80867e-10
id25728,0.999997,4.26289e-08,2.52829e-06
id16184,0.0448369,0.0153257,0.939837
id03438,0.170945,8.64151e-12,0.829055
id22923,0.0161041,0.983896,3.8657e-07
id08610,1.0,6.48011e-14,2.67195e-11
id25355,2.26066e-06,7.89128e-08,0.999998
id16916,0.0259694,0.973797,0.000233509
id12793,0.0339195,0.966066,1.50253e-05
id11859,0.999981,1.21606e-08,1.90598e-05
id02434,1.0,3.91536e-10,3.10062e-10
id27703,1.97599e-06,1.72833e-09,0.999998
id25212,0.998391,0.00149177,0.000116973
id11308,4.76513e-05,1.46306e-05,0.999938
id26094,0.999964,3.54195e-05,2.90844e-07
id22080,0.999995,4.69311e-06,3.50966e-10
id03545,1.0,1.50023e-07,1.31751e-07
id23725,3.90052e-05,4.13043e-05,0.99992
id12009,0.999796,0.000201056,2.58084e-06
id24241,0.999133,0.000138006,0.00072917
id03596,0.000321896,0.999678,1.21426e-07
id10749,0.0407952,0.959018,0.000187275
id22794,1.59502e-06,5.51999e-08,0.999998
id15482,0.0712822,0.00951601,0.919202
id04833,0.999855,5.88277e-05,8.6014e-05
id00397,0.34183,3.22785e-05,0.658138
id14691,0.0573102,4.92363e-06,0.942685
id05193,9.14367e-07,1.81828e-11,0.999999
id19541,1.0,4.20835e-07,2.93099e-08
id22166,3.09091e-06,1.59783e-07,0.999997
id20744,0.00106909,1.03894e-06,0.99893
id10392,5.32861e-06,4.2032e-08,0.999995
id00770,1.0,1.47915e-10,1.74654e-12
id06018,0.259841,0.739071,0.00108797
id15678,0.169949,3.78983e-09,0.830051
id08305,0.999999,7.41848e-07,4.71364e-07
id08903,0.999999,7.66027e-08,6.64673e-07
id14752,0.88548,0.111981,0.00253941
id12468,1.05171e-05,0.999989,1.30252e-07
id05085,0.948756,0.0511873,5.6691e-05
id21993,0.668137,1.22628e-07,0.331863
id15503,0.998865,0.00113531,3.39159e-08
id03021,9.42092e-07,0.999999,3.28445e-07
id16123,1.0,1.0384e-14,2.34452e-14
id19383,0.999965,3.24339e-05,2.96608e-06
id04186,1.0,3.25222e-09,1.78806e-08
id17954,0.312637,3.56764e-06,0.687359
id12030,0.0061315,1.44049e-08,0.993869
id13020,0.999821,0.000167494,1.20788e-05
id25327,3.10555e-05,0.999692,0.000277248
id16344,0.816451,0.12958,0.0539693
id12303,0.708042,0.291855,0.000103364
id15017,0.999998,1.80852e-06,2.95166e-08
id22308,0.999889,1.54146e-08,0.000110721
id06536,0.0262348,0.0205624,0.953203
id19797,0.00131957,0.997321,0.00135907
id06332,0.997702,0.0021675,0.000130803
id22941,0.651606,4.50081e-05,0.348349
id13547,0.997487,7.11738e-06,0.00250588
id06928,0.000791447,3.31869e-07,0.999208
id12521,0.751762,0.247916,0.000322471
id25716,0.999518,8.14116e-07,0.000481493
id27116,0.000395301,2.65281e-09,0.999605
id19941,0.014579,0.98527,0.000150705
id05711,6.70094e-07,9.68828e-09,0.999999
id02097,8.30205e-07,2.16069e-07,0.999999
id03563,6.5965e-07,0.999999,1.10571e-08
id02295,0.00927221,0.990242,0.000485596
id08179,1.0,5.75057e-08,5.4168e-10
id05332,1.32515e-06,0.999999,1.45227e-07
id15697,0.994988,1.46865e-06,0.00501028
id17026,0.00186541,5.556e-05,0.998079
id04243,0.999885,0.000111114,4.31767e-06
id13175,1.0,2.3409e-12,2.26599e-14
id05387,1.0,3.15409e-07,2.58084e-09
id19989,0.950012,0.0495051,0.000482608
id25173,0.00241772,1.36955e-06,0.997581
id08925,0.985326,0.0144094,0.000264389
id03034,6.99164e-05,0.998998,0.000932256
id13272,9.20158e-09,1.0,1.61374e-09
id07956,0.999999,1.23502e-07,9.13959e-07
id02648,0.982462,0.0167991,0.000739368
id01778,0.08866,4.82304e-08,0.91134
id12846,3.14013e-07,1.04829e-11,1.0
id19001,0.89098,1.82603e-06,0.109018
id05763,0.0862436,2.07895e-09,0.913756
id15590,0.0168421,1.97554e-06,0.983156
id04912,0.99912,4.31591e-05,0.000836448
id21201,0.898137,0.0948428,0.00702014
id13215,1.0,1.34857e-11,1.53648e-09
id15612,6.86627e-06,0.999993,6.74274e-08
id18501,0.980902,4.57965e-06,0.0190933
id07223,0.962333,0.00301203,0.0346549
id06707,0.152606,0.752667,0.0947268
id05238,1.19288e-11,1.0,4.38827e-13
id00935,0.0172257,0.0265241,0.95625
id00110,0.0259809,6.46572e-05,0.973954
id17476,1.0,4.16406e-10,4.16015e-09
id15170,1.0,3.03527e-09,7.17921e-08
id13397,0.96729,0.025549,0.00716088
id24283,0.999639,0.000360068,1.01662e-06
id15234,1.0,5.7026e-09,5.31356e-11
id16884,0.0761332,0.923852,1.43446e-05
id07831,0.888203,0.0294855,0.0823112
id16038,0.999992,8.14857e-06,3.08801e-07
id03629,0.999996,3.44441e-06,5.81298e-07
id21019,0.932481,0.0627306,0.00478865
id21835,0.986733,0.000269959,0.0129969
id04480,0.000119586,0.99988,8.43044e-09
id20838,0.0012838,0.998609,0.000107578
id24195,0.00309268,0.000463186,0.996444
id05448,0.425777,0.574204,1.91786e-05
id15957,0.00699276,0.98783,0.00517772
id19956,1.06237e-05,7.69551e-10,0.999989
id15104,8.86802e-05,0.000202239,0.999709
id17559,0.999561,0.000365222,7.38736e-05
id16839,0.968113,0.00120648,0.0306806
id14493,0.9399,6.69229e-06,0.0600938
id08833,0.999756,1.48729e-06,0.00024288
id15723,0.995441,0.000923453,0.00363585
id02716,1.0,4.21149e-12,5.54515e-13
id06689,9.16875e-07,0.999999,1.12541e-07
id18837,0.982731,1.24869e-05,0.0172562
id04466,0.999942,5.74058e-05,6.08088e-07
id00686,1.0,1.63744e-07,2.74639e-07
id09010,0.539169,0.460776,5.43751e-05
id23353,1.0,1.34031e-09,1.16214e-08
id00066,0.999988,7.91014e-06,4.12606e-06
id15724,9.76906e-06,0.99999,9.88285e-10
id23486,5.71835e-06,6.65595e-09,0.999994
id22258,8.33666e-07,4.57452e-10,0.999999
id02292,0.828462,0.148598,0.0229395
id16356,0.0491454,1.2863e-06,0.950853
id00235,0.999956,8.82492e-08,4.36083e-05
id25522,0.00146511,3.52166e-08,0.998535
id04204,0.030698,0.968989,0.000313025
id22016,0.997173,0.000183671,0.00264317
id06480,0.00416044,0.995839,7.11893e-07
id08718,0.930538,0.0178781,0.0515838
id05251,4.1331e-08,1.0,1.52146e-08
id03359,0.990035,8.13403e-05,0.00988395
id16117,4.44804e-05,3.00483e-10,0.999956
id17000,3.2581e-08,1.0,1.15218e-09
id01730,0.568978,0.431018,4.28798e-06
id00630,0.913704,0.0862562,4.02298e-05
id18175,0.605278,0.000232334,0.394489
id00907,0.999996,1.46772e-06,2.86941e-06
id18251,2.6544e-07,1.0,1.67456e-09
id25861,0.996109,0.00383256,5.81416e-05
id00398,0.99961,0.000306066,8.44777e-05
id27573,1.0,3.65154e-13,1.63051e-08
id10022,0.000522852,0.999355,0.000122272
id15901,0.00444338,4.68186e-09,0.995557
id00451,0.792269,0.000623521,0.207108
id23129,0.015327,0.984542,0.000130685
id26498,0.00735005,0.988873,0.00377721
id14741,0.999931,6.74232e-05,1.69325e-06
id18453,0.0775919,5.05684e-07,0.922408
id08309,0.999983,1.60434e-05,4.67729e-07
id00320,1.0,1.26749e-09,6.8668e-11
id07688,0.00445209,0.000185895,0.995362
id01556,2.64995e-07,3.10294e-11,1.0
id00178,0.996374,9.53053e-05,0.00353098
id18902,0.00171129,0.00293774,0.995351
id27002,0.47968,0.463444,0.056876
id21418,1.0,3.63706e-08,7.18137e-13
id23018,0.205859,0.00033402,0.793806
id07032,0.999347,0.000205564,0.000447803
id16195,0.999382,2.90089e-07,0.000617199
id11202,8.39442e-05,0.999915,1.30673e-06
id09578,0.999267,0.000551723,0.000181429
id26984,0.752876,0.000471002,0.246653
id19856,7.27739e-09,1.0,4.15263e-11
id12086,0.999983,1.63175e-08,1.71336e-05
id12052,0.926973,9.72814e-05,0.0729301
id17728,0.00023379,2.53994e-05,0.999741
id24608,0.999996,4.17782e-06,1.35449e-07
id21097,0.728164,0.000170111,0.271666
id20179,7.96054e-11,1.67143e-11,1.0
id15144,0.215999,0.782184,0.001817
id00206,0.999996,3.59327e-06,2.99061e-07
id22285,0.000262485,3.05287e-06,0.999734
id06417,0.917214,0.0525325,0.0302531
id00215,0.000273444,0.999718,8.34132e-06
id04201,0.00660036,0.00569928,0.9877
id21771,0.999988,6.7397e-06,5.55385e-06
id12451,0.000171858,0.0101781,0.98965
id14250,0.0234589,0.976156,0.000385495
id03433,0.948742,0.0511946,6.36447e-05
id03303,6.95674e-05,1.76938e-05,0.999913
id25901,0.997735,0.000115508,0.00214937
id06945,0.999994,8.7755e-08,5.87977e-06
id05664,0.959265,0.00146164,0.039273
id05741,1.0,9.64904e-13,1.89317e-13
id10652,0.999088,0.000754365,0.000157812
id16300,0.999998,9.59908e-07,1.37919e-06
id12319,0.999643,8.33933e-06,0.000348816
id07500,2.72428e-06,0.999997,4.0938e-09
id12478,0.0801157,0.251009,0.668875
id03076,1.53916e-06,3.15604e-11,0.999998
id00969,0.0118888,0.491611,0.496501
id23636,2.92033e-05,0.999968,2.58927e-06
id09791,0.0147495,0.000547469,0.984703
id05680,0.00475921,0.969646,0.0255945
id03672,0.000185857,0.999719,9.49322e-05
id04286,0.0137293,0.000314673,0.985956
id23883,1.8166e-09,7.88762e-12,1.0
id11914,0.737253,2.67283e-05,0.26272
id20974,0.00056083,0.999434,5.46503e-06
id26125,2.55205e-05,4.04375e-09,0.999974
id15543,0.0347664,2.08237e-08,0.965234
id19471,0.999945,2.54852e-05,2.96824e-05
id11503,0.999955,2.81107e-05,1.71463e-05
id09321,0.82133,0.000781624,0.177888
id25560,7.66772e-11,4.30875e-13,1.0
id06726,0.169195,0.00094579,0.829859
id05709,0.999823,3.08551e-08,0.000176927
id09788,0.453303,0.24423,0.302467
id05289,1.0,1.87603e-08,2.9446e-11
id11815,9.49582e-06,0.999989,1.56971e-06
id22422,0.175028,0.0738364,0.751135
id25954,0.999992,7.56367e-06,7.45903e-09
id13601,0.998859,0.000510251,0.000631096
id05677,0.997384,0.000129805,0.00248594
id10498,0.0866492,0.913348,2.52497e-06
id02665,0.0106408,0.989336,2.26095e-05
id10114,0.000536613,0.999016,0.000446982
id26314,0.999983,3.77132e-06,1.27615e-05
id21240,0.0884085,0.000416199,0.911175
id15569,1.0,2.73029e-12,2.08589e-14
id25928,0.0346596,7.71114e-05,0.965263
id22706,0.000297779,0.999701,1.68429e-06
id20877,1.70334e-07,0.999869,0.000130355
id04318,0.9996,0.000111896,0.000287646
id18299,0.738851,0.256793,0.00435607
id08126,0.000511919,8.68703e-09,0.999488
id14293,0.00336476,2.18893e-08,0.996635
id12759,0.999987,7.02396e-07,1.18105e-05
id11983,0.993563,0.00615884,0.000277967
id05580,0.00351812,0.996432,4.97941e-05
id25846,0.242601,0.743777,0.0136222
id01939,0.27026,8.18392e-06,0.729732
id26327,0.00128085,9.33568e-06,0.99871
id11068,2.54023e-07,9.1984e-12,1.0
id08404,0.824181,3.91207e-05,0.17578
id27189,0.999985,1.44883e-05,1.02473e-07
id15119,3.88197e-08,1.0,3.29774e-10
id26525,1.0,1.56158e-10,1.03339e-09
id03618,0.0279319,0.968068,0.00400015
id27220,1.0,7.03838e-08,2.28803e-09
id18777,0.00140373,1.57414e-06,0.998595
id20213,0.999244,1.65246e-05,0.000739179
id20403,0.999959,4.04714e-05,2.5616e-08
id03777,0.000169154,2.30304e-08,0.999831
id10595,2.32946e-05,0.999977,2.54522e-09
id13816,0.993329,2.35733e-07,0.00667033
id05667,1.96174e-06,3.67597e-13,0.999998
id24629,0.999641,1.2046e-05,0.000347213
id20398,0.143789,0.2343,0.621911
id14108,6.74788e-08,5.81134e-09,1.0
id06196,4.09763e-06,0.999996,2.16715e-08
id02800,0.474828,0.524323,0.0008494
id18732,6.45135e-09,1.0,5.03411e-11
id11915,7.57528e-06,0.999989,3.72022e-06
id09739,0.990849,0.000429403,0.00872186
id24672,1.0,6.98928e-08,2.97089e-09
id00414,0.000939224,6.54767e-05,0.998995
id16307,0.18685,0.465967,0.347183
id14043,0.88912,4.49197e-05,0.110835
id00517,3.91618e-06,2.21979e-11,0.999996
id09744,1.0,3.47868e-08,5.58571e-11
id19257,0.999997,3.19604e-06,2.29353e-07
id15437,0.999487,0.000510875,1.64406e-06
id16352,2.41036e-05,6.59333e-08,0.999976
id18849,0.989589,1.76501e-07,0.010411
id19434,5.10021e-10,1.0,1.73199e-12
id17928,0.0799452,1.53535e-05,0.920039
id16896,0.00426215,2.73809e-06,0.995735
id02135,0.00601373,0.00451109,0.989475
id15075,0.999972,2.73183e-05,8.9038e-07
id27486,0.161543,0.838456,1.3346e-06
id19422,0.999976,2.4249e-05,2.44501e-07
id09603,3.24486e-06,0.999997,2.2484e-08
id02133,0.00568529,0.993887,0.000427834
id03441,0.999999,2.42768e-09,5.44055e-07
id02398,0.000101796,0.999898,1.36499e-09
id05152,0.171421,3.79993e-07,0.828578
id17838,0.931872,0.000102411,0.0680258
id25060,0.999308,0.000691478,6.43117e-10
id09998,0.0017998,1.44307e-06,0.998199
id01828,3.91588e-05,0.999961,4.91723e-08
id25377,0.994007,2.12957e-07,0.00599244
id22175,0.124119,0.875817,6.38697e-05
id02974,7.44564e-06,2.41784e-08,0.999992
id26955,0.999982,1.80602e-05,3.18673e-09
id21091,1.0,6.14546e-08,1.74861e-07
id12802,0.998581,0.00133193,8.68826e-05
id07432,1.03464e-09,1.0,1.4144e-10
id18749,0.000565487,0.999422,1.30236e-05
id15030,5.52631e-07,1.92021e-11,0.999999
id17155,0.613012,0.386243,0.000744097
id08128,6.90128e-06,0.999978,1.47744e-05
id25706,3.03203e-12,1.0,3.48491e-11
id15645,1.0,6.24592e-10,2.37115e-11
id04943,1.0,5.13606e-07,1.37274e-08
id27566,0.000181198,1.59235e-06,0.999817
id11765,0.00137568,6.05404e-06,0.998618
id13783,0.999702,0.000292498,5.7903e-06
id00492,4.44368e-06,3.22137e-09,0.999996
id27636,0.0419527,0.000236947,0.95781
id04273,0.999996,3.78445e-06,7.13117e-09
id02537,0.658167,0.0772141,0.264619
id24349,0.999992,8.3291e-06,6.68856e-09
id00023,7.64477e-07,0.999999,6.73175e-07
id23025,0.905768,0.0936318,0.000600654
id08722,0.998734,2.41319e-06,0.00126325
id02420,1.0,2.33057e-11,2.65373e-15
id10811,0.999998,1.88308e-07,1.35565e-06
id04019,3.57467e-05,2.45494e-09,0.999964
id18334,1.0,9.54374e-08,4.11723e-08
id16781,0.996985,0.00301248,2.57248e-06
id08773,0.99729,0.00270549,5.02312e-06
id19214,0.999999,5.64345e-07,1.09809e-07
id09589,1.09739e-06,0.99968,0.000318972
id24246,0.999999,1.11093e-06,5.431e-08
id23577,1.0,1.75762e-09,8.0979e-11
id09305,0.999995,3.72137e-06,8.63443e-07
id16460,0.973004,5.56581e-06,0.0269909
id21115,0.999803,0.000111756,8.54858e-05
id25996,0.994827,0.00237168,0.00280131
id02551,3.51329e-05,1.90366e-08,0.999965
id19352,1.7436e-07,4.00624e-14,1.0
id03806,0.0265342,1.89563e-06,0.973464
id26544,0.999995,9.70556e-07,3.8693e-06
id18761,0.999969,2.02431e-06,2.8731e-05
id24148,0.000124987,0.999874,9.15264e-07
id16095,0.00059334,0.956879,0.0425275
id18442,0.999858,0.000104182,3.73278e-05
id22596,6.13246e-06,1.33523e-09,0.999994
id23002,3.45173e-08,2.04568e-10,1.0
id04797,1.0,7.08634e-09,1.18699e-08
id06610,0.818985,7.81769e-07,0.181014
id16173,0.794131,0.160195,0.045674
id18292,0.00760797,7.64781e-05,0.992316
id27328,1.0,1.90539e-09,1.67837e-09
id01695,0.0020513,0.997881,6.73489e-05
id05761,0.999998,6.52956e-10,1.55349e-06
id16354,0.999629,0.000370709,3.51424e-07
id12207,0.0431576,0.952225,0.00461739
id05665,0.173864,0.000979226,0.825157
id01911,0.999701,0.000287793,1.12942e-05
id19153,0.980763,3.25094e-05,0.019204
id10295,0.460522,0.0807488,0.45873
id23038,0.741413,0.25722,0.00136634
id23783,0.000217785,0.999782,6.75968e-08
id27879,0.999955,4.10032e-05,3.59674e-06
id19190,8.6822e-06,0.999991,5.81594e-08
id05065,1.0,4.26009e-08,1.57676e-07
id21296,0.000197886,0.999797,5.65875e-06
id13262,0.0349111,0.691172,0.273917
id10333,0.999992,2.43963e-07,7.67304e-06
id16677,0.997806,0.000564866,0.00162898
id01392,0.00370643,8.95894e-06,0.996285
id27874,0.988262,0.00462214,0.00711636
id02294,0.00248703,0.99155,0.00596329
id18298,1.01726e-08,1.29913e-10,1.0
id06997,0.999997,1.70353e-06,1.17986e-06
id05243,0.999987,1.34553e-06,1.17891e-05
id00860,3.38079e-07,0.999996,3.19919e-06
id26681,0.992937,0.00595276,0.0011101
id06020,0.00742628,3.26151e-09,0.992574
id27683,0.999997,3.3621e-06,1.24619e-07
id17655,0.000128491,0.999871,8.12765e-09
id08817,0.941604,0.00771365,0.0506827
id11512,1.08958e-07,1.711e-07,1.0
id00478,0.701275,2.65865e-05,0.298699
id02116,0.999999,6.86248e-07,2.0142e-07
id06746,0.984842,0.0150944,6.37184e-05
id03863,0.964285,0.0330804,0.00263495
id01802,0.00175205,0.99627,0.00197827
id11682,1.0,4.74745e-08,4.13556e-07
id04033,2.59812e-07,0.999999,6.91034e-07
id09286,0.000605924,0.999349,4.47155e-05
id12904,0.98569,0.0143086,1.64304e-06
id07420,4.98423e-06,3.28306e-10,0.999995
id22398,1.43471e-09,1.0,5.69069e-13
id00424,0.0917161,4.21269e-08,0.908284
id20960,1.0,1.31468e-09,7.62651e-09
id10267,0.99926,0.000490536,0.000248915
id19330,0.999718,2.01982e-09,0.000282074
id00994,1.04825e-08,1.0,6.0241e-10
id10785,0.999992,5.69885e-06,2.37729e-06
id00955,0.000672546,0.999263,6.44509e-05
id09757,4.8412e-07,1.0,1.46635e-08
id10030,0.0113145,1.11424e-05,0.988674
id22952,0.141695,0.536837,0.321469
id21955,3.57074e-08,2.89972e-10,1.0
id07674,0.999836,1.27709e-05,0.000150765
id13760,0.00018043,0.99982,4.24654e-08
id18166,1.0,6.27228e-09,2.09028e-07
id23498,0.988975,0.0110243,9.02305e-07
id05296,0.999993,6.55466e-06,4.47363e-08
id26709,0.0151272,0.984828,4.48352e-05
id02853,0.999768,0.000231467,2.63997e-07
id06800,0.985273,0.000301198,0.014426
id14758,0.999997,1.96507e-06,5.47061e-07
id12356,1.0,2.30945e-08,7.38313e-09
id21492,0.99993,4.84779e-05,2.15138e-05
id27540,0.999251,4.20055e-07,0.000748875
id07376,0.0112169,0.904104,0.0846791
id15201,0.145255,0.854702,4.31699e-05
id23388,5.8712e-08,1.0,1.04673e-07
id13923,0.00384036,0.996157,2.3232e-06
id00794,3.77038e-09,1.0,9.19332e-11
id23910,0.999521,2.22553e-05,0.000457131
id02556,0.0217809,0.961957,0.0162619
id22151,1.41664e-07,1.0,3.04121e-10
id11698,0.00376146,0.994651,0.00158738
id11627,0.999954,7.4532e-07,4.57197e-05
id06340,0.999999,3.54071e-07,6.37243e-07
id05123,1.0,9.37665e-11,2.26745e-10
id26620,8.49304e-05,1.84875e-11,0.999915
id04002,0.000665025,6.45588e-07,0.999334
id26554,0.452594,0.457509,0.0898965
id18012,0.250883,0.073456,0.675661
id12964,0.960527,0.000303723,0.0391693
id18965,0.637244,0.0270402,0.335716
id19082,0.00093105,0.000144998,0.998924
id26742,3.54015e-05,1.61744e-10,0.999965
id15442,0.000617002,0.999201,0.000181619
id16647,0.998026,1.62958e-07,0.0019743
id11544,0.000152904,1.41777e-07,0.999847
id20581,0.983945,0.00768454,0.00837033
id13192,0.165296,0.834593,0.000111554
id15814,0.500361,0.04192,0.457719
id26279,8.74031e-07,0.999999,1.13871e-10
id00240,1.0,4.28485e-10,1.19389e-09
id22836,0.99986,0.000138446,1.50018e-06
id15085,0.000468411,0.968773,0.0307588
id17495,0.108929,8.41327e-05,0.890987
id26762,0.99988,6.06974e-05,5.97053e-05
id13685,1.0,8.12012e-12,8.77049e-08
id16560,1.76318e-08,1.0,5.01614e-11
id17184,0.000156927,0.999843,4.89062e-08
id21635,1.0,1.05639e-11,7.36731e-11
id26751,0.335011,0.659212,0.00577637
id12351,0.999974,4.89705e-06,2.07526e-05
id14872,0.965332,0.0216083,0.0130596
id18372,0.999973,1.11991e-05,1.54409e-05
id26851,0.999772,0.000108725,0.00011927
id22659,0.122926,0.877072,1.17593e-06
id04102,9.29766e-06,2.35605e-09,0.999991
id02353,7.67169e-05,0.999923,2.43508e-07
id26721,0.999999,1.12084e-06,8.91755e-09
id11171,0.987904,4.11498e-08,0.0120964
id13562,0.958022,0.0259636,0.0160149
id26425,0.999976,1.61901e-05,7.98508e-06
id26394,0.9996,4.81504e-05,0.000351624
id22187,0.157737,0.832744,0.00951922
id00422,1.0,5.6895e-13,4.92456e-15
id22667,2.38789e-07,1.0,1.29599e-10
id00911,0.0485845,0.88494,0.0664757
id17291,0.335956,1.12005e-06,0.664043
id01915,0.134318,0.00307544,0.862606
id01434,0.895032,0.0326959,0.072272
id01584,0.448723,0.439698,0.111579
id09266,0.998947,2.75096e-05,0.00102535
id17494,4.47792e-12,1.0,1.74107e-11
id24919,0.581546,0.0750527,0.343401
id21043,0.837554,1.7986e-11,0.162446
id17796,4.64022e-08,1.0,8.95043e-11
id02166,0.320994,0.000207609,0.678798
id17503,0.995038,9.29221e-06,0.00495302
id21203,0.99743,0.00087367,0.00169645
id25626,1.0,1.09805e-09,1.08247e-11
id09836,0.910869,0.0891199,1.0932e-05
id24202,0.000233023,0.0240793,0.975688
id27260,0.99972,0.00027546,4.13252e-06
id23167,7.04218e-07,3.66095e-11,0.999999
id10393,0.0927424,0.881891,0.0253668
id01171,0.999996,3.99271e-06,4.70316e-07
id06380,0.99995,8.35511e-06,4.20683e-05
id22686,0.0112676,1.24767e-09,0.988732
id26250,0.00412165,3.71392e-07,0.995878
id09315,0.0355085,0.490934,0.473557
id00886,0.0300928,0.962937,0.00697006
id03101,0.939445,0.0421501,0.0184049
id12367,0.996383,1.96239e-06,0.00361535
id10770,1.0,2.45749e-09,6.9332e-08
id14949,3.0837e-06,0.999997,2.7798e-07
id14141,0.00081918,0.999181,3.06147e-08
id25417,0.993164,0.0064319,0.000404157
id26873,0.999936,5.41853e-05,9.65372e-06
id10818,0.00833106,1.13243e-06,0.991668
id15146,0.995244,4.3074e-05,0.00471252
id23328,0.999202,0.000798213,1.21508e-08
id16765,0.2368,0.75662,0.00658014
id24383,0.999999,5.27222e-10,6.93312e-07
id21304,0.999998,4.944e-08,2.41983e-06
id12551,1.60833e-05,0.999984,8.89811e-10
id23274,0.00892647,0.000374611,0.990699
id08117,0.999638,7.63335e-06,0.000354281
id23961,0.999986,1.73513e-06,1.23652e-05
id13865,0.00397953,0.99602,4.31536e-07
id22807,0.0987431,8.2744e-05,0.901174
id08951,0.00130051,3.66727e-06,0.998696
id18684,1.0,6.18212e-10,1.60192e-10
id25179,0.000701073,0.998773,0.0005255
id27033,1.0,3.08616e-10,2.62625e-09
id13977,0.160523,0.000301162,0.839176
id19337,0.00310083,0.72889,0.268009
id25764,0.912822,0.0871723,5.74753e-06
id16106,0.623862,0.0275833,0.348554
id05468,0.00339808,4.6975e-09,0.996602
id05241,1.0,5.06235e-15,6.25145e-11
id10215,0.999944,6.21588e-06,4.96479e-05
id23457,3.06933e-06,2.46662e-06,0.999995
id02200,1.0,2.24214e-07,1.31461e-08
id13714,2.48354e-05,0.999969,6.22016e-06
id20332,1.2307e-07,1.7542e-12,1.0
id18573,0.077537,1.36584e-05,0.922449
id08569,0.981158,2.01487e-07,0.0188416
id22767,0.999999,1.36021e-06,1.44655e-08
id25390,0.0390991,0.960889,1.21611e-05
id09288,1.0,1.46899e-10,2.58796e-10
id12381,1.0,5.20776e-09,9.01576e-09
id02895,7.71153e-05,2.91416e-07,0.999923
id25270,8.75066e-05,2.94134e-10,0.999913
id14248,0.888438,0.0206268,0.0909355
id12831,0.999994,2.75906e-08,5.73053e-06
id18305,0.999997,1.33416e-08,2.63112e-06
id07805,1.0,3.40482e-07,3.10858e-10
id14027,0.00406221,4.11689e-06,0.995934
id02760,0.999798,0.000111681,9.08031e-05
id24362,1.0,1.09792e-13,2.9082e-12
id17065,0.00179409,0.998206,3.93373e-08
id26583,2.87409e-07,0.999778,0.00022129
id19664,1.0,3.71398e-08,2.81865e-12
id25145,0.999263,0.000631012,0.000106341
id17858,0.00217321,0.997824,2.41579e-06
id05148,0.0039563,0.0231143,0.972929
id22928,0.997854,0.00182226,0.000324049
id21549,0.989757,1.10262e-07,0.0102427
id12649,0.0035035,0.996492,4.81308e-06
id21597,0.999703,0.000237965,5.87124e-05
id27945,0.99497,0.0027999,0.00223021
id00243,1.0,1.8389e-10,3.18802e-07
id02745,0.99389,1.75178e-09,0.00610997
id23550,8.6737e-06,1.01909e-10,0.999991
id13023,0.999979,1.51112e-07,2.1033e-05
id24796,0.0384242,1.24062e-09,0.961576
id12284,0.00188518,0.998115,3.8925e-08
id02664,5.26049e-11,1.0,8.28961e-13
id23767,0.98955,0.0104019,4.80418e-05
id05859,0.0460392,0.953197,0.000763564
id14350,0.999251,0.000745156,3.51155e-06
id01191,0.627365,0.372535,9.96811e-05
id17034,0.999998,1.75759e-07,2.00702e-06
id25292,0.501511,0.498215,0.000274208
id22121,1.0,1.05954e-07,5.59244e-09
id20872,0.998387,0.000656984,0.000955917
id17720,0.896713,0.103281,6.40922e-06
id22658,0.000357627,0.999642,7.34562e-08
id09567,0.864833,0.131665,0.00350219
id16445,0.999989,1.09182e-05,2.97733e-08
id08349,0.0260179,0.000168491,0.973814
id27437,0.00141245,0.00534265,0.993245
id03812,1.0,4.40229e-10,4.24648e-10
id22304,0.122081,0.0122353,0.865684
id04449,0.000555003,0.999443,1.71221e-06
id15605,0.0282574,5.11284e-06,0.971738
id01768,0.980885,0.0172913,0.00182411
id20019,0.678108,0.315821,0.00607084
id09593,0.00012583,0.99865,0.00122389
id23179,0.000847055,3.83473e-08,0.999153
id21279,0.999999,1.19768e-06,1.4909e-08
id06711,0.000536282,3.33916e-06,0.99946
id14243,1.89754e-06,0.999998,1.70714e-07
id04839,5.99424e-06,0.916941,0.0830527
id17220,0.000445742,0.999339,0.000214883
id24177,0.959502,0.0161833,0.0243145
id20512,2.20357e-05,1.27047e-08,0.999978
id14036,2.898e-08,1.0,3.03091e-09
id25001,0.00928626,2.99366e-06,0.990711
id06175,0.010642,0.989351,7.19597e-06
id24720,0.0465637,0.953187,0.000249747
id08070,0.294551,0.698919,0.00652973
id18934,1.0,2.8891e-08,6.85909e-09
id01338,0.893396,3.50745e-06,0.1066
id19008,0.000107218,0.999892,1.23339e-06
id19632,0.999997,2.72746e-06,6.7457e-07
id26224,3.31133e-06,9.04052e-09,0.999997
id08219,0.998473,9.77537e-06,0.00151762
id24008,2.52982e-06,8.10365e-13,0.999997
id12475,0.987214,0.0127841,2.1765e-06
id05766,0.000188128,1.61866e-05,0.999796
id27386,0.00733288,0.991963,0.000703868
id12476,0.000138765,0.99986,1.35119e-06
id08311,0.995226,0.00471011,6.43223e-05
id04996,0.999989,1.29121e-06,9.40204e-06
id17350,0.000124937,0.999875,2.19847e-08
id05546,2.80462e-08,1.0,9.5352e-13
id16504,0.000105186,0.999894,1.32275e-06
id05782,1.58621e-09,2.37915e-13,1.0
id20560,0.999994,1.40852e-06,4.89182e-06
id14171,0.00424599,6.10405e-06,0.995748
id27461,0.91587,0.0449332,0.0391968
id03581,0.997943,2.90392e-05,0.0020282
id21847,0.000169765,3.57428e-06,0.999827
id11712,0.999998,2.97859e-07,1.97029e-06
id26738,9.12966e-08,1.47901e-09,1.0
id13668,0.999998,1.97002e-06,2.39981e-08
id15114,1.0,8.20209e-09,2.12381e-10
id20130,0.898051,0.100451,0.00149768
id18331,0.995762,3.53499e-07,0.00423754
id24465,1.0,6.60583e-08,4.34472e-10
id13539,1.0,4.6782e-09,9.96609e-12
id27564,0.00063931,0.996601,0.00275939
id26043,0.994031,2.29393e-07,0.00596862
id04965,0.00778238,0.00249797,0.98972
id08645,1.31935e-06,1.9852e-12,0.999999
id26610,0.428726,2.63791e-06,0.571272
id21737,0.00168141,0.998003,0.000315427
id25784,0.00475232,0.908676,0.0865716
id23030,0.997784,1.63152e-06,0.0022142
id16450,2.04077e-08,1.0,1.40617e-08
id02161,0.995616,1.34818e-05,0.00437084
id25535,0.999575,3.90004e-05,0.000386088
id16566,0.990664,1.31185e-07,0.0093362
id05714,0.999911,7.86798e-05,1.01114e-05
id16524,0.640577,0.3594,2.22789e-05
id23941,6.70549e-06,0.999929,6.3909e-05
id00831,0.177214,0.00136307,0.821423
id18145,0.990411,0.00854375,0.00104561
id17227,0.999999,7.09455e-08,4.27506e-07
id09417,1.0,2.39721e-09,3.35647e-07
id21307,0.999949,1.59404e-05,3.45617e-05
id05650,5.07062e-06,0.999995,2.36206e-08
id23901,0.959878,0.0352098,0.00491192
id05831,1.0,1.18592e-12,6.40074e-11
id16708,0.0002808,0.999696,2.31134e-05
id02281,0.000146648,1.49116e-06,0.999852
id11599,0.639174,0.00501506,0.355811
id18353,0.000344059,0.999633,2.34111e-05
id07413,0.0584468,0.941532,2.13791e-05
id15653,0.0773743,0.921427,0.00119862
id09715,0.000172389,6.64903e-07,0.999827
id05108,0.00248361,0.997514,2.81485e-06
id09537,0.0307218,5.48612e-05,0.969223
id27596,0.999993,6.57158e-06,1.62213e-07
id24255,0.0268422,1.53513e-08,0.973158
id05080,8.1811e-09,2.87234e-13,1.0
id09484,1.0,5.58687e-09,4.9471e-08
id14864,0.580105,7.64212e-06,0.419887
id26836,0.999889,9.92026e-05,1.21681e-05
id07003,0.999978,2.20594e-05,1.06209e-07
id13750,1.61504e-07,1.0,7.94252e-09
id21799,0.857476,0.000334275,0.14219
id11285,1.0,9.35219e-16,4.32823e-18
id04735,0.999717,0.00015296,0.000130216
id23049,3.09156e-05,2.44086e-08,0.999969
id05826,0.998497,0.00148209,2.05407e-05
id17916,0.0548002,0.926874,0.0183263
id14081,0.49167,4.37731e-07,0.50833
id10527,0.00641892,6.07814e-06,0.993575
id16059,0.000378128,0.999514,0.000107606
id25542,1.0,7.444e-08,2.57229e-14
id05402,0.872371,0.108988,0.0186407
id01927,0.999632,0.000357424,1.06499e-05
id27656,0.999888,5.1942e-06,0.000106778
id06708,0.0167859,0.174914,0.8083
id03524,0.534567,0.447086,0.018347
id12297,0.999956,3.22153e-07,4.40974e-05
id03439,0.999911,8.80346e-05,9.54779e-07
id04587,5.37215e-07,0.999999,6.75216e-09
id25470,7.81479e-08,1.0,9.79434e-11
id01212,3.4878e-05,0.999959,5.59061e-06
id13932,0.999547,0.000430706,2.22975e-05
id00124,0.0820132,3.78332e-06,0.917983
id01592,0.999876,0.000123624,8.07941e-07
id13461,0.905372,0.0197859,0.074842
id24681,7.2388e-05,0.999911,1.69953e-05
id23245,0.554712,1.49634e-05,0.445273
id14073,0.967139,2.91316e-06,0.0328577
id05172,0.990659,3.4594e-08,0.00934099
id21979,0.0327663,1.08535e-05,0.967223
id00328,0.999971,1.52002e-07,2.87931e-05
id26102,0.999999,5.12101e-07,1.19329e-07
id14867,0.950499,2.96226e-06,0.0494981
id27544,0.0174918,0.982508,8.83733e-10
id16228,0.999999,1.05702e-06,1.91888e-07
id16342,0.999858,0.000141861,8.06488e-09
id24933,1.0,3.23982e-11,1.84232e-10
id04601,0.929588,2.67749e-05,0.0703848
id01599,1.79549e-06,0.999997,1.18759e-06
id06238,0.999931,6.92534e-05,2.34926e-08
id06826,0.012156,0.987584,0.000259632
id23307,0.999993,6.79589e-06,2.92942e-07
id13575,0.997408,0.00250026,9.18896e-05
id24174,0.999842,5.23932e-08,0.000157858
id19534,0.864036,0.00639802,0.129566
id19602,0.00608373,1.68707e-08,0.993916
id26962,0.00112582,0.998748,0.000126323
id04448,0.463028,0.536906,6.66598e-05
id09786,0.862266,0.0133346,0.124399
id25240,0.959817,0.00658994,0.0335932
id14893,0.997653,0.0023461,6.86903e-07
id24221,0.999999,7.05895e-07,3.67961e-10
id04696,0.854828,3.21167e-06,0.145169
id15153,0.0437482,0.95607,0.000182188
id13882,9.62745e-14,1.0,1.75974e-14
id17836,0.010766,0.989233,5.97048e-07
id00574,0.827347,0.172636,1.64769e-05
id02078,1.49983e-05,0.999888,9.65299e-05
id21206,0.961117,0.0383813,0.000501326
id20084,0.955057,5.55225e-06,0.0449373
id26598,0.00528896,6.29036e-09,0.994711
id06838,0.612841,1.41636e-06,0.387157
id08786,1.54609e-05,8.1338e-07,0.999984
id09550,3.82455e-06,5.48933e-08,0.999996
id10206,1.0,1.46497e-09,1.61159e-08
id21113,1.0,2.41511e-08,1.57308e-08
id21151,0.999078,0.000921687,5.69648e-08
id02692,1.0,1.42692e-10,1.81559e-11
id26446,0.999749,1.04273e-05,0.00024042
id07377,0.999473,0.000526011,8.77384e-07
id15998,0.890232,0.109754,1.40616e-05
id19637,1.0,1.83435e-10,7.14139e-09
id19735,0.000503999,0.999483,1.29324e-05
id13739,0.811443,3.56062e-06,0.188553
id25175,0.999999,3.54363e-09,6.58059e-07
id00563,5.86822e-05,5.38466e-06,0.999936
id09982,1.0,1.42995e-09,1.85106e-07
id15459,2.82754e-11,1.0,1.5129e-13
id20785,1.26589e-07,4.97591e-10,1.0
id07145,1.46237e-07,1.25662e-05,0.999987
id22204,0.995745,0.00421702,3.79081e-05
id09285,0.973364,1.1185e-06,0.0266348
id18157,2.27615e-05,1.71052e-07,0.999977
id12134,1.99463e-09,2.80718e-11,1.0
id23914,1.0,2.35263e-08,9.73546e-09
id10483,0.999699,0.000297715,3.3685e-06
id07092,0.999652,2.98107e-05,0.000318197
id14786,0.752577,0.00070224,0.246721
id25741,0.9482,1.00443e-05,0.0517904
id09050,0.999226,0.000763681,1.04303e-05
id04938,0.997901,5.58682e-06,0.00209368
id05901,0.132367,1.05124e-05,0.867622
id16975,0.00861958,0.991266,0.000114453
id08547,1.47455e-06,3.27043e-10,0.999999
id16355,0.999998,4.6321e-09,1.63135e-06
id14568,1.0,2.43453e-12,2.91074e-10
id25599,4.92111e-05,0.00121905,0.998732
id01670,4.42378e-09,1.0,2.75028e-12
id23945,0.163521,0.836479,9.7757e-08
id17394,0.00787861,2.12461e-07,0.992121
id06501,0.0274107,0.198617,0.773972
id26234,0.0010349,0.99797,0.00099527
id21280,0.000686885,6.03545e-11,0.999313
id20048,0.000447578,0.00211271,0.99744
id01216,0.998191,0.00166082,0.000148335
id25320,0.999979,1.92882e-06,1.87776e-05
id22833,0.224533,1.49968e-05,0.775452
id22056,0.898009,0.0942481,0.00774328
id02275,9.66131e-07,0.999999,4.67984e-07
id26127,0.85952,7.22017e-05,0.140408
id17011,0.0120187,0.987981,2.26848e-08
id13847,0.00939501,0.000173576,0.990431
id00013,1.03349e-07,1.0,9.29898e-09
id16463,0.733264,0.261846,0.00489002
id04845,0.0110321,0.988933,3.43886e-05
id01787,0.0620502,0.433406,0.504543
id08637,1.0,4.34424e-09,7.85568e-11
id11414,1.30553e-08,2.55515e-12,1.0
id13177,0.10165,0.664284,0.234066
id24517,1.0,6.00146e-08,1.54261e-11
id26838,0.999928,3.84038e-06,6.87127e-05
id23081,2.17821e-06,0.999995,2.83527e-06
id16327,0.00221043,0.6116,0.38619
id27282,8.72825e-05,0.999913,1.86226e-07
id07489,0.999157,3.35471e-05,0.000809784
id01718,1.20833e-06,3.26216e-11,0.999999
id15441,0.999993,4.61807e-06,2.72207e-06
id27736,3.99396e-08,1.0,2.34078e-08
id16324,6.70477e-06,0.0022982,0.997695
id12027,0.454341,0.000772995,0.544886
id24653,1.14921e-06,0.999999,6.44133e-10
id17541,0.0234778,1.3102e-05,0.976509
id22406,0.00591995,0.00351627,0.990564
id18356,0.998545,0.00120589,0.000249482
id04505,0.873575,0.0838455,0.0425796
id04246,0.659797,0.199857,0.140346
id07368,0.951264,0.0124656,0.0362708
id26185,9.82118e-05,2.16696e-07,0.999902
id08878,0.0187548,0.00254251,0.978703
id27691,5.45669e-08,1.38921e-14,1.0
id18004,0.999893,1.48866e-05,9.18634e-05
id24426,0.999095,0.000830036,7.45988e-05
id14164,0.998425,0.001505,6.95666e-05
id12653,6.58601e-09,1.0,3.49297e-11
id18060,0.991966,2.98026e-07,0.00803384
id18556,0.689448,0.263673,0.0468798
id27371,0.0122059,0.969427,0.0183669
id11989,0.0113344,0.978606,0.0100593
id26095,0.999999,7.58578e-07,2.21713e-07
id24978,0.577926,2.89937e-05,0.422045
id20322,0.994411,4.65715e-09,0.00558921
id01954,0.999785,0.000214715,9.77908e-08
id07434,0.697173,0.113819,0.189008
id18144,7.4993e-07,9.86141e-10,0.999999
id16250,0.259834,0.73993,0.00023558
id17793,4.78779e-06,2.42795e-10,0.999995
id24067,0.000388457,1.13614e-07,0.999611
id13891,0.00660142,2.59457e-08,0.993399
id07334,0.108185,0.86822,0.023595
id15633,1.46955e-07,1.0,8.26371e-08
id23239,0.999721,1.029e-06,0.000277636
id10674,0.972953,0.000111906,0.0269354
id22093,0.0208082,0.550662,0.42853
id08444,0.602876,0.396868,0.000255665
id03257,0.00227897,5.29524e-05,0.997668
id10040,0.999984,1.61646e-05,3.00029e-09
id04902,0.272139,1.22421e-05,0.727849
id01219,0.996747,0.00318009,7.30543e-05
id01340,0.999567,0.000416001,1.72105e-05
id05117,1.33582e-08,1.0,9.69533e-12
id04908,0.125503,2.68194e-07,0.874497
id03626,0.00093001,1.69419e-13,0.99907
id01888,1.0,2.53792e-08,1.96819e-10
id17199,8.20641e-08,1.45892e-12,1.0
id11200,0.0983092,0.901615,7.58662e-05
id27561,0.999964,1.03932e-05,2.56894e-05
id20966,0.0128625,0.987058,7.98055e-05
id10257,0.00048556,0.999498,1.61588e-05
id21168,7.39388e-05,0.014491,0.985435
id23363,0.0115223,6.77386e-09,0.988478
id05321,0.999997,1.52039e-06,1.36862e-06
id09928,1.24019e-05,7.08393e-11,0.999988
id18015,1.0,1.75845e-08,1.19755e-12
id02082,0.00127839,0.998721,8.14626e-07
id19279,0.98192,0.0061837,0.011896
id08541,0.0182639,0.971741,0.00999513
id15249,5.60004e-07,0.999999,2.13309e-10
id03609,0.986361,3.46037e-05,0.0136047
id22902,0.00242546,3.51624e-07,0.997574
id17733,1.0,1.34593e-10,2.036e-12
id07554,5.53518e-06,1.55484e-05,0.999979
id14120,0.97358,2.81974e-09,0.0264199
id21802,0.000361521,0.999637,1.49553e-06
id15614,0.000717551,0.999282,2.39749e-07
id19437,3.34925e-07,1.90928e-15,1.0
id22698,0.999054,0.000666928,0.000279466
id21841,3.79425e-09,1.0,7.50306e-11
id16177,0.999967,3.06479e-05,2.91871e-06
id15887,0.120009,2.84536e-05,0.879963
id22629,0.320233,1.436e-05,0.679753
id10346,1.0,1.9224e-09,2.32023e-08
id05154,0.999996,4.87706e-07,3.6038e-06
id22913,0.0085146,0.99135,0.000135697
id10544,0.0560018,0.747877,0.196121
id08703,0.999996,3.28479e-07,3.28143e-06
id12817,0.0114209,2.93382e-06,0.988576
id25433,0.999896,7.89598e-05,2.50624e-05
id25112,0.331372,0.000221707,0.668406
id05054,0.001179,0.985724,0.0130967
id02311,0.00181544,0.998149,3.60254e-05
id22160,0.00289848,0.966796,0.0303052
id17422,1.0,2.38625e-07,9.81095e-11
id18985,0.998411,1.81817e-05,0.00157096
id21905,8.07938e-06,7.03253e-10,0.999992
id17474,1.0,1.54025e-07,7.20601e-09
id15236,1.05283e-09,1.0,1.66163e-09
id13964,0.99998,4.61306e-06,1.55038e-05
id15962,0.0186352,0.981278,8.65618e-05
id20866,0.000625758,0.000164132,0.99921
id06625,0.999993,2.21532e-08,6.51576e-06
id09793,0.886706,1.35845e-06,0.113292
id17365,5.22546e-09,1.0,5.7834e-11
id18463,0.311843,0.685401,0.00275566
id20693,0.0875468,0.885443,0.0270105
id08785,7.82731e-07,0.999999,1.83008e-08
id06783,0.000231039,0.999768,6.22653e-07
id23178,0.000952675,1.08832e-06,0.999046
id13513,0.00813837,0.991857,4.40825e-06
id25361,0.00531627,8.35752e-05,0.9946
id22319,0.996001,0.00379807,0.000200673
id14024,0.000154576,4.35923e-08,0.999845
id24186,2.45961e-05,0.999975,4.48786e-07
id20965,0.991712,0.00634848,0.00193949
id06242,0.00641292,0.000359036,0.993228
id25665,3.24301e-05,0.00848389,0.991484
id09706,0.999247,0.000136232,0.000616626
id11026,6.02109e-10,1.0,3.50286e-10
id04223,1.0,5.29325e-08,1.65427e-07
id19674,5.61614e-05,0.999943,1.15198e-06
id23420,0.00529734,0.122643,0.87206
id18059,4.40086e-05,0.999956,2.45693e-07
id22576,0.999998,3.8767e-07,1.39376e-06
id18495,2.32866e-13,1.0,1.25413e-14
id14139,1.0,1.91116e-09,3.99284e-09
id18313,0.0713305,0.928577,9.24884e-05
id27356,1.0,2.60331e-08,7.193e-11
id16035,0.221824,7.7731e-08,0.778176
id04182,0.855683,0.00796608,0.13635
id15667,0.999899,9.87908e-05,1.87035e-06
id08713,1.0,9.98845e-08,5.85901e-10
id25563,1.64352e-10,1.0,3.53997e-13
id17023,0.999991,8.1181e-06,9.3878e-07
id03014,1.84317e-12,1.0,3.99365e-14
id23812,0.426346,0.573634,1.99538e-05
id20057,0.00287288,3.54528e-05,0.997092
id12385,0.99999,1.6434e-08,9.96185e-06
id24416,0.999656,0.000342499,1.46421e-06
id15672,1.65424e-08,1.0,3.28658e-07
id13868,1.0,2.46156e-07,9.74712e-11
id21095,0.0321591,0.954891,0.0129499
id05305,0.941389,0.043467,0.0151443
id15384,0.0329703,0.203548,0.763482
id14049,6.5809e-06,6.7702e-10,0.999993
id23441,0.932197,0.0660239,0.00177882
id12856,0.611652,3.68161e-09,0.388348
id16055,4.74789e-08,2.63925e-08,1.0
id24771,0.993089,0.00686444,4.60362e-05
id14053,0.999995,2.73584e-09,5.17726e-06
id19547,0.000240725,0.697017,0.302743
id03639,1.22373e-05,0.999987,2.20207e-07
id14546,0.0122237,0.986382,0.00139442
id13935,0.999969,5.13408e-09,3.08502e-05
id20335,0.344198,0.654884,0.000918095
id07301,0.0127573,2.86555e-05,0.987214
id10186,0.990899,1.06948e-05,0.00909022
