id,EAP,HPL,MWS
id02310,0.00947691,0.00224185,0.988281
id24541,0.943829,0.0537472,0.00242354
id00134,0.090963,0.90807,0.000966938
id27757,0.970898,0.0217761,0.00732567
id04081,0.989878,0.00106945,0.00905222
id27337,0.762388,0.236835,0.000776733
id24265,0.984992,0.0128471,0.00216098
id25917,0.0862593,0.307783,0.605958
id04951,0.992507,0.00749205,1.00254e-06
id14549,0.991849,0.00412907,0.00402234
id22505,0.0172311,0.7069,0.275868
id24002,1.78046e-05,0.999949,3.31589e-05
id18982,0.0190779,0.920656,0.0602666
id15181,0.00062909,0.99934,3.08598e-05
id21888,0.987941,0.00125995,0.0107987
id12035,0.000231783,1.23963e-05,0.999756
id17991,0.00967213,0.00124483,0.989083
id10707,0.999997,2.85893e-06,7.11874e-08
id07101,0.0256638,0.0158327,0.958503
id00345,0.2895,0.703844,0.00665644
id05912,0.877362,0.00134359,0.121295
id13443,0.98696,0.0121191,0.000921357
id09248,0.210286,0.0120495,0.777665
id17542,0.000795636,0.999091,0.000113302
id06995,0.0210335,0.0325229,0.946444
id25159,0.447953,0.00423991,0.547807
id25729,0.756655,0.121343,0.122002
id26949,0.995484,0.00310385,0.00141243
id27191,0.202832,0.0111294,0.786038
id07668,0.207157,0.016297,0.776546
id02230,0.0451392,0.132503,0.822357
id15553,0.994259,0.00482861,0.000912066
id25688,9.96555e-05,0.999847,5.36949e-05
id17545,0.999059,0.000936058,5.3044e-06
id13929,0.934819,0.0416706,0.0235107
id12880,0.482775,0.302298,0.214927
id19282,0.676002,0.0596551,0.264343
id14690,0.000235197,3.90294e-05,0.999726
id17975,0.00383449,0.995969,0.000196129
id08037,0.959644,0.00214027,0.0382159
id15412,0.338825,0.000501375,0.660674
id25032,0.319367,0.00561809,0.675015
id27165,0.999997,1.87209e-06,5.6521e-07
id03327,0.959627,0.0285562,0.0118168
id18515,0.995522,0.000641547,0.00383632
id21003,0.364488,0.0305591,0.604953
id23855,1.10228e-05,0.999454,0.000535353
id20724,0.863579,0.0211303,0.115291
id13303,0.825549,0.06744,0.107011
id16521,0.00185989,0.893725,0.104416
id20775,0.995223,0.0040036,0.000773221
id13029,0.999168,0.000770444,6.16779e-05
id14660,0.876626,0.120658,0.00271588
id11028,0.00103509,1.0604e-05,0.998954
id14180,0.998332,0.00136037,0.000307479
id25860,0.998179,0.00169998,0.000120751
id11910,0.888514,0.0210826,0.0904031
id08065,0.0486969,0.000669952,0.950633
id22674,0.0124825,0.0176738,0.969844
id25018,0.304791,0.00527956,0.68993
id10892,0.0163547,0.981983,0.00166237
id10217,0.0139275,0.985844,0.000228079
id12996,0.0486989,0.00612344,0.945178
id18262,0.40724,0.0461927,0.546567
id08606,0.0645623,0.913256,0.0221816
id17233,0.998459,0.00010488,0.00143614
id00101,0.721445,0.229695,0.0488604
id12225,0.997342,0.00252754,0.000130895
id01364,0.106523,0.887753,0.00572356
id24973,0.845495,0.000508684,0.153996
id25363,0.893788,0.00110359,0.105108
id10061,0.43486,0.174536,0.390604
id17673,0.386352,0.401308,0.21234
id13249,0.0323122,0.00346691,0.964221
id10107,3.02336e-05,1.31668e-05,0.999957
id04403,0.987969,0.00407085,0.00795968
id25728,0.996902,0.00172921,0.00136894
id16184,0.106236,0.0748767,0.818887
id03438,0.000292416,2.02666e-06,0.999705
id22923,0.00100915,0.998926,6.48383e-05
id08610,0.999915,1.32553e-05,7.14183e-05
id25355,0.0122945,0.017263,0.970443
id16916,0.755513,0.238122,0.00636474
id12793,0.0358201,0.948378,0.0158023
id11859,0.271336,0.00365042,0.725013
id02434,0.999984,1.53922e-05,4.66055e-07
id27703,0.00563886,0.000419493,0.993942
id25212,0.0221424,0.970878,0.00697966
id11308,0.00268524,0.141899,0.855416
id26094,0.937268,0.0417887,0.0209428
id22080,0.996642,0.00335373,3.81378e-06
id03545,0.988875,0.0104552,0.000669766
id23725,0.0153365,0.0332699,0.951394
id12009,0.994724,0.00238794,0.00288801
id24241,0.186979,0.731372,0.0816492
id03596,0.00585919,0.993787,0.000353561
id10749,0.00556328,0.992571,0.00186582
id22794,0.000616237,0.00121229,0.998171
id15482,0.336533,0.374659,0.288808
id04833,0.550308,0.425551,0.0241408
id00397,0.0882636,0.00359592,0.90814
id14691,0.208266,0.0893098,0.702424
id05193,0.000834523,6.15136e-05,0.999104
id19541,0.983764,0.00976513,0.0064712
id22166,0.00123331,0.000562462,0.998204
id20744,0.00518769,0.000250982,0.994561
id10392,0.00469512,0.0052831,0.990022
id00770,0.997092,0.0010449,0.00186259
id06018,0.874583,0.0554198,0.0699974
id15678,0.952566,0.000791961,0.046642
id08305,0.999846,0.00015238,2.15123e-06
id08903,0.0952162,0.000101808,0.904682
id14752,0.0417937,0.949038,0.00916816
id12468,0.00258388,0.997392,2.42941e-05
id05085,0.76844,0.225747,0.00581362
id21993,0.260229,0.00259059,0.737181
id15503,0.990291,0.00969593,1.30351e-05
id03021,4.18539e-07,0.999993,6.22132e-06
id16123,0.999884,5.97044e-05,5.60085e-05
id19383,0.99991,7.29233e-05,1.66157e-05
id04186,0.999943,2.98997e-05,2.67835e-05
id17954,0.0073275,0.00177433,0.990898
id12030,0.193477,0.000750158,0.805773
id13020,0.955341,0.0436806,0.000978831
id25327,0.0112614,0.9422,0.046539
id16344,0.000429505,0.29343,0.706141
id12303,0.139911,0.855818,0.00427145
id15017,0.993117,0.00410974,0.00277285
id22308,0.273594,0.0163489,0.710057
id06536,0.0101441,0.119144,0.870712
id19797,0.0182006,0.946517,0.0352821
id06332,0.585622,0.379392,0.0349852
id22941,0.0587708,0.103673,0.837557
id13547,0.000385745,0.00427504,0.995339
id06928,0.0330119,0.000213033,0.966775
id12521,0.0148544,0.985047,9.87656e-05
id25716,0.764865,4.28253e-05,0.235092
id27116,1.86974e-09,4.08148e-10,1.0
id19941,0.00125083,0.997628,0.00112127
id05711,3.49667e-07,0.000202026,0.999798
id02097,6.26416e-05,0.00350822,0.996429
id03563,0.0250251,0.970887,0.00408817
id02295,0.260968,0.7385,0.000532311
id08179,0.91573,0.0345481,0.0497214
id05332,0.000315439,0.999407,0.000277222
id15697,0.818757,0.0812984,0.099945
id17026,0.947345,0.00710476,0.0455506
id04243,0.748953,0.246783,0.00426367
id13175,0.999985,8.71161e-06,5.96642e-06
id05387,0.801451,0.0211543,0.177395
id19989,0.975407,0.0216098,0.00298355
id25173,0.0759711,0.0361154,0.887913
id08925,0.000214696,0.999785,5.48508e-07
id03034,0.000324515,0.995854,0.00382124
id13272,0.000217836,0.99882,0.000962353
id07956,0.997333,0.000206441,0.00246043
id02648,1.02531e-07,9.07307e-07,0.999999
id01778,0.0237624,8.02908e-05,0.976157
id12846,0.000484051,0.000158836,0.999357
id19001,0.806267,0.00363251,0.1901
id05763,0.46666,0.00144533,0.531894
id15590,6.05552e-06,3.8665e-06,0.99999
id04912,0.74408,0.111164,0.144757
id21201,0.919568,0.0146436,0.0657889
id13215,0.999999,1.66944e-07,1.08864e-06
id15612,0.000235166,0.999388,0.000376808
id18501,0.0184462,0.00208778,0.979466
id07223,0.865822,0.0829738,0.0512043
id06707,0.123206,0.21413,0.662664
id05238,9.28752e-05,0.9999,7.54699e-06
id00935,0.00641625,0.427609,0.565975
id00110,0.163211,0.472536,0.364253
id17476,0.964211,0.0349711,0.000818039
id15170,0.998326,0.0016089,6.45764e-05
id13397,0.976781,0.00491666,0.0183022
id24283,0.907548,0.064876,0.0275757
id15234,0.99928,0.000708557,1.14524e-05
id16884,0.477494,0.359987,0.16252
id07831,0.0766748,0.867111,0.0562142
id16038,0.999889,0.000110408,6.18016e-07
id03629,0.991818,0.00277538,0.00540687
id21019,0.984343,0.0109179,0.00473882
id21835,0.980252,0.00168417,0.0180642
id04480,0.00586563,0.99412,1.41726e-05
id20838,0.789906,0.203139,0.00695539
id24195,0.887343,0.0351182,0.0775393
id05448,0.810421,0.104191,0.0853878
id15957,0.0021864,0.997472,0.00034156
id19956,0.00172482,7.56261e-06,0.998268
id15104,0.00344987,0.00107851,0.995472
id17559,0.989235,0.0052271,0.00553746
id16839,0.394607,0.0489813,0.556412
id14493,0.753478,0.00113167,0.24539
id08833,0.657294,0.00350542,0.3392
id15723,0.00504903,0.000831233,0.99412
id02716,0.99352,0.00214801,0.00433229
id06689,0.00292361,0.996931,0.000145152
id18837,0.593952,0.00936385,0.396684
id04466,0.983301,0.00746096,0.00923819
id00686,0.927354,0.0411173,0.0315288
id09010,0.445024,0.550175,0.00480073
id23353,0.998552,6.86966e-05,0.00137922
id00066,0.311142,0.68796,0.000898406
id15724,0.166055,0.81877,0.015175
id23486,0.0232744,9.19039e-05,0.976634
id22258,0.00140679,0.000463128,0.99813
id02292,0.746504,0.0558568,0.197639
id16356,0.103184,0.00709131,0.889725
id00235,0.741697,0.0064762,0.251827
id25522,0.0267518,0.00489737,0.968351
id04204,2.73638e-05,0.99997,2.21643e-06
id22016,0.233722,0.00513411,0.761144
id06480,0.393029,0.593059,0.0139122
id08718,8.57112e-05,8.31724e-06,0.999906
id05251,0.00181649,0.997856,0.00032778
id03359,0.974495,0.024944,0.000561291
id16117,0.00529628,0.000437556,0.994266
id17000,0.00623915,0.991939,0.00182137
id01730,0.114753,0.868689,0.0165582
id00630,0.983735,0.0140168,0.00224779
id18175,0.00232303,0.0107702,0.986907
id00907,0.952824,0.0189276,0.0282481
id18251,0.0159304,0.974199,0.0098706
id25861,0.411401,0.579306,0.00929251
id00398,0.915618,0.0617669,0.0226149
id27573,0.993829,5.43865e-05,0.00611626
id10022,0.00561118,0.983228,0.0111603
id15901,0.420803,0.000745989,0.578451
id00451,0.00689449,0.0286087,0.964497
id23129,0.00300954,0.996927,6.36272e-05
id26498,0.0251825,0.968689,0.00612814
id14741,0.948467,0.00274053,0.0487921
id18453,0.0718721,0.0158211,0.912307
id08309,0.995547,0.00440209,5.06066e-05
id00320,0.998916,0.000455597,0.000628839
id07688,0.0858301,0.0152959,0.898874
id01556,0.0012068,1.7205e-05,0.998776
id00178,0.715513,0.0732559,0.211231
id18902,0.00490291,0.0422417,0.952855
id27002,0.0255706,0.974037,0.000392439
id21418,0.999948,4.68362e-05,5.25022e-06
id23018,0.270626,0.0593463,0.670028
id07032,0.590962,0.0260938,0.382944
id16195,0.403606,0.0507962,0.545597
id11202,0.00197336,0.992521,0.00550602
id09578,0.239904,0.0112828,0.748813
id26984,0.991122,8.1274e-05,0.00879617
id19856,2.06107e-05,0.999969,1.0726e-05
id12086,0.911332,0.00476679,0.0839018
id12052,0.000158792,3.59344e-05,0.999805
id17728,3.42524e-05,0.00119263,0.998773
id24608,0.980929,0.00693535,0.0121358
id21097,0.74526,0.0201997,0.23454
id20179,0.000111873,0.000526154,0.999362
id15144,0.710315,0.238467,0.0512181
id00206,0.998507,0.00105175,0.00044155
id22285,0.00343495,0.000114096,0.996451
id06417,0.00190627,0.995997,0.00209664
id00215,4.68735e-06,0.99999,5.47367e-06
id04201,0.12547,0.0548653,0.819664
id21771,0.994577,0.00176966,0.00365357
id12451,0.0128687,0.686216,0.300916
id14250,0.038087,0.488948,0.472965
id03433,0.000960483,0.998789,0.000250519
id03303,0.0350322,0.00588337,0.959084
id25901,0.113976,0.149251,0.736773
id06945,0.972155,0.00859001,0.0192551
id05664,0.704833,0.290525,0.00464237
id05741,0.990349,0.00725625,0.0023946
id10652,0.999691,0.000213573,9.57973e-05
id16300,0.921559,0.038928,0.0395129
id12319,0.180422,0.536011,0.283567
id07500,0.0411258,0.957817,0.0010567
id12478,0.0238117,0.151629,0.824559
id03076,0.0291836,3.84781e-05,0.970778
id00969,0.033456,0.966081,0.000462724
id23636,0.00117212,0.998349,0.000479115
id09791,0.185191,0.355643,0.459166
id05680,0.0434651,0.865039,0.0914963
id03672,0.00791657,0.631694,0.360389
id04286,0.00227251,0.996624,0.00110383
id23883,0.013604,0.0479697,0.938426
id11914,0.0589929,0.000824425,0.940183
id20974,0.000312942,0.999668,1.94483e-05
id26125,0.0269199,0.00454506,0.968535
id15543,0.0182831,0.000308971,0.981408
id19471,0.99981,0.000179224,1.05281e-05
id11503,0.988987,0.00861785,0.00239487
id09321,4.6922e-05,0.967575,0.0323783
id25560,5.00272e-06,3.77505e-05,0.999957
id06726,0.606903,0.0139348,0.379162
id05709,0.98686,0.000114294,0.0130253
id09788,0.114133,0.36897,0.516898
id05289,0.987388,0.0122705,0.000340988
id11815,0.000275431,0.999664,6.02953e-05
id22422,0.683172,0.0540471,0.26278
id25954,0.933911,0.0103474,0.0557419
id13601,0.549962,0.0634616,0.386577
id05677,0.996159,0.0013157,0.00252519
id10498,0.00030937,0.999661,2.95554e-05
id02665,0.911391,0.0637417,0.0248677
id10114,0.219589,0.747899,0.032512
id26314,0.989732,0.000380528,0.00988708
id21240,0.874581,0.0972193,0.0281997
id15569,0.981476,0.0149476,0.00357607
id25928,0.225793,0.0182173,0.755989
id22706,0.0152952,0.984467,0.000237597
id20877,0.00343133,0.907336,0.0892329
id04318,0.999974,2.22005e-05,3.34961e-06
id18299,0.393523,0.324567,0.28191
id08126,0.0234867,0.00516285,0.97135
id14293,0.0947568,0.00166466,0.903579
id12759,0.99638,0.00233864,0.00128111
id11983,0.791075,0.032585,0.17634
id05580,0.154285,0.696219,0.149495
id25846,0.606864,0.342068,0.0510687
id01939,0.172581,0.00794599,0.819473
id26327,0.00919091,0.0411846,0.949624
id11068,0.000328342,5.96774e-06,0.999666
id08404,0.995701,0.00193239,0.00236611
id27189,0.749419,0.245889,0.00469136
id15119,0.00908598,0.962806,0.0281083
id26525,0.999844,5.77144e-05,9.7994e-05
id03618,0.420198,0.561343,0.0184583
id27220,0.999792,3.04714e-05,0.000177406
id18777,0.00701862,9.50588e-06,0.992972
id20213,0.998859,0.000598256,0.000542412
id20403,0.95112,0.0294528,0.019427
id03777,0.164208,0.156576,0.679216
id10595,0.0880507,0.852883,0.0590659
id13816,0.251128,0.0160609,0.732811
id05667,0.00149401,0.00027778,0.998228
id24629,0.925793,0.0142989,0.0599081
id20398,0.0932039,0.199762,0.707034
id14108,0.0013378,0.000228454,0.998434
id06196,1.49949e-05,0.999976,9.45112e-06
id02800,0.227262,0.501475,0.271263
id18732,0.00246472,0.992361,0.00517414
id11915,0.0311504,0.934515,0.0343341
id09739,0.65194,0.183078,0.164982
id24672,0.981123,0.0182431,0.000634079
id00414,0.00226341,0.0338364,0.9639
id16307,0.996257,0.00348815,0.000254477
id14043,0.00618472,0.000428559,0.993387
id00517,3.393e-05,0.0086019,0.991364
id09744,0.964024,0.0359084,6.75616e-05
id19257,0.96609,0.0248246,0.00908524
id15437,0.257509,0.737028,0.00546319
id16352,0.0116092,0.00092593,0.987465
id18849,0.220669,0.000855098,0.778476
id19434,1.75365e-06,0.999998,3.06638e-07
id17928,0.0163685,0.0232419,0.96039
id16896,0.0252026,0.00461722,0.97018
id02135,0.148119,0.232601,0.61928
id15075,0.983703,0.0104294,0.00586776
id27486,0.00337173,0.996574,5.43113e-05
id19422,0.996608,0.00291708,0.000475289
id09603,0.0101067,0.988313,0.00158028
id02133,0.0305485,0.953083,0.0163684
id03441,0.562093,0.0187837,0.419123
id02398,6.99495e-05,0.999926,3.76832e-06
id05152,0.0383656,0.62386,0.337774
id17838,0.225754,0.00639364,0.767852
id25060,0.882778,0.116965,0.000256959
id09998,0.310485,0.103064,0.58645
id01828,0.0541208,0.835694,0.110185
id25377,0.251923,0.0583706,0.689707
id22175,0.0300206,0.967604,0.00237539
id02974,0.0333803,0.0987707,0.867849
id26955,0.999859,0.000139969,9.23135e-07
id21091,0.989107,0.00190282,0.00898962
id12802,0.974998,0.00809721,0.0169051
id07432,0.000595032,0.998199,0.00120642
id18749,0.131702,0.801961,0.0663378
id15030,0.000113002,0.00396323,0.995924
id17155,0.00329882,0.996037,0.000664121
id08128,0.0227128,0.920515,0.0567725
id25706,1.13889e-05,0.995046,0.00494285
id15645,0.995823,0.00341251,0.000764692
id04943,0.881336,0.117798,0.000865126
id27566,0.0214798,0.0242655,0.954255
id11765,0.161184,0.0544927,0.784324
id13783,0.734305,0.220801,0.0448936
id00492,0.0135616,0.0222927,0.964146
id27636,0.00917578,0.423681,0.567143
id04273,0.916019,0.058646,0.0253349
id02537,0.240571,0.344662,0.414767
id24349,0.198188,0.801344,0.000468112
id00023,0.000163033,0.999036,0.000801152
id23025,0.0213702,0.978085,0.000545061
id08722,0.99725,0.000203347,0.00254623
id02420,0.960383,0.0388425,0.00077434
id10811,0.81664,0.0615732,0.121787
id04019,0.176347,0.0346633,0.78899
id18334,0.998992,0.000968129,3.97102e-05
id16781,0.0962771,0.902868,0.00085449
id08773,0.499503,0.484819,0.0156779
id19214,0.989955,0.00102788,0.00901751
id09589,9.74189e-10,0.999996,3.76432e-06
id24246,0.755377,0.24088,0.00374308
id23577,0.452607,0.547009,0.000383928
id09305,0.996225,0.00280043,0.000974592
id16460,0.702139,0.0366723,0.261189
id21115,0.940372,0.0048613,0.0547667
id25996,0.175981,0.165919,0.6581
id02551,0.000599926,0.00766352,0.991737
id19352,0.00508219,0.001402,0.993516
id03806,0.0164571,0.00154379,0.981999
id26544,0.998507,0.000184123,0.00130852
id18761,0.972674,0.0182391,0.00908712
id24148,0.289256,0.707537,0.00320687
id16095,0.00038192,0.986607,0.0130107
id18442,0.670825,0.00517112,0.324004
id22596,4.24424e-09,2.69103e-08,1.0
id23002,0.000141085,9.80153e-05,0.999761
id04797,0.983243,0.0049859,0.0117714
id06610,0.0717006,0.000776147,0.927523
id16173,0.0101475,0.988965,0.000888
id18292,0.0776176,0.0777264,0.844656
id27328,0.999883,6.11313e-05,5.5626e-05
id01695,1.2699e-06,0.999997,1.15655e-06
id05761,0.615131,0.0015752,0.383294
id16354,0.98803,0.00117752,0.0107929
id12207,0.00254737,0.836645,0.160807
id05665,0.0134268,0.000920765,0.985652
id01911,0.996906,0.00234835,0.000745115
id19153,0.00601654,0.000202998,0.99378
id10295,0.938551,0.0128231,0.0486255
id23038,0.726704,0.273066,0.00023091
id23783,0.774643,0.223953,0.00140424
id27879,0.385363,0.613258,0.00137873
id19190,0.00246894,0.99753,1.20898e-06
id05065,0.726072,0.00890708,0.265021
id21296,0.0582171,0.90334,0.0384425
id13262,0.00419738,0.0426916,0.953111
id10333,0.987332,0.000919349,0.0117488
id16677,0.701575,0.269736,0.028689
id01392,0.475466,0.00446823,0.520065
id27874,0.996982,0.00182828,0.00118937
id02294,5.44189e-07,0.999994,5.46313e-06
id18298,0.000405251,0.000244781,0.99935
id06997,0.993751,0.00191189,0.00433702
id05243,0.00955131,0.478894,0.511554
id00860,0.0163518,0.680951,0.302698
id26681,0.997971,0.00201735,1.12323e-05
id06020,2.25787e-05,8.85336e-06,0.999969
id27683,0.986893,0.00692912,0.00617774
id17655,0.126327,0.870954,0.0027189
id08817,0.0139393,0.14399,0.84207
id11512,0.000549588,0.00291381,0.996537
id00478,0.172217,0.0167331,0.81105
id02116,0.977604,0.00200341,0.0203926
id06746,0.986056,0.0129071,0.0010371
id03863,0.00372603,0.995618,0.000656239
id01802,0.0614264,0.878167,0.0604069
id11682,0.977936,0.00846398,0.0136003
id04033,0.0631578,0.921414,0.0154279
id09286,0.161757,0.652821,0.185421
id12904,0.997285,0.00203318,0.000681579
id07420,3.18948e-06,1.28879e-05,0.999984
id22398,4.50933e-05,0.999925,2.94785e-05
id00424,0.00991683,0.000602279,0.989481
id20960,0.997661,0.00215053,0.000188962
id10267,0.931204,0.0134413,0.055355
id19330,0.362411,0.00949418,0.628095
id00994,2.01741e-06,0.999981,1.70695e-05
id10785,0.397432,0.543155,0.0594133
id00955,0.000426189,0.999272,0.00030202
id09757,0.00699111,0.988884,0.0041249
id10030,0.00145424,0.00716552,0.99138
id22952,0.0553928,0.0179992,0.926608
id21955,3.48663e-06,0.00142778,0.998569
id07674,0.95361,0.0226944,0.0236959
id13760,0.00459109,0.993397,0.00201149
id18166,0.959603,0.000923597,0.0394732
id23498,0.986735,0.0128972,0.000368187
id05296,0.99999,7.43889e-06,2.83689e-06
id26709,0.520514,0.450573,0.0289129
id02853,0.998939,0.00103651,2.45581e-05
id06800,0.300622,0.360501,0.338876
id14758,0.674065,0.295667,0.0302681
id12356,0.999208,0.000628132,0.000163776
id21492,0.96086,0.0142174,0.0249227
id27540,0.28333,0.0530544,0.663615
id07376,0.0809516,0.816126,0.102922
id15201,0.738952,0.254989,0.00605942
id23388,0.0186046,0.943346,0.0380494
id13923,0.00303108,0.996754,0.000214477
id00794,0.000153325,0.995357,0.00448976
id23910,0.095016,0.0494768,0.855507
id02556,0.00230043,0.00251487,0.995185
id22151,0.000465218,0.99941,0.00012463
id11698,0.0456751,0.93469,0.0196348
id11627,0.0576631,0.929988,0.0123491
id06340,0.999972,3.12174e-06,2.48501e-05
id05123,0.998201,3.22933e-05,0.0017667
id26620,0.00189143,8.01035e-05,0.998028
id04002,0.0290187,0.0112626,0.959719
id26554,0.0331332,0.0748056,0.892061
id18012,0.684587,0.256649,0.0587639
id12964,0.0014036,0.00249067,0.996106
id18965,0.000203473,0.0121231,0.987673
id19082,0.0674957,0.00154662,0.930958
id26742,0.00586081,0.000308776,0.99383
id15442,0.0120571,0.98696,0.000983204
id16647,0.959686,0.000431705,0.039882
id11544,0.000445879,0.00119338,0.998361
id20581,0.381595,0.0817618,0.536643
id13192,0.349493,0.588664,0.061843
id15814,0.627241,0.159809,0.21295
id26279,0.00183147,0.99816,8.91693e-06
id00240,0.999519,0.000251659,0.000228893
id22836,0.996408,0.00215711,0.00143539
id15085,0.0020475,0.988,0.00995273
id17495,0.923305,0.00162025,0.0750745
id26762,0.784933,0.00448313,0.210584
id13685,0.999993,1.8168e-07,6.45503e-06
id16560,0.00605237,0.993747,0.000200318
id17184,7.88217e-05,0.998737,0.00118451
id21635,0.999651,0.000230101,0.000118882
id26751,0.0518699,0.939579,0.00855061
id12351,0.562236,0.11138,0.326384
id14872,0.904406,0.0746882,0.0209056
id18372,0.798021,0.19388,0.00809887
id26851,0.963644,0.00417937,0.0321769
id22659,0.565424,0.43452,5.53515e-05
id04102,0.000158521,4.07437e-05,0.999801
id02353,0.00446108,0.982998,0.0125405
id26721,0.960156,0.0375867,0.00225776
id11171,0.989206,0.00055414,0.0102398
id13562,0.783315,0.177282,0.039402
id26425,0.846361,0.0121025,0.141536
id26394,0.0681274,0.0585808,0.873292
id22187,0.583238,0.381772,0.0349891
id00422,0.993121,0.00554053,0.00133872
id22667,0.000315643,0.999673,1.18559e-05
id00911,0.991007,0.0021613,0.0068321
id17291,0.670973,0.0141834,0.314844
id01915,0.0803671,0.0663815,0.853251
id01434,0.000579036,0.000125902,0.999295
id01584,0.949522,0.00247375,0.048004
id09266,0.990864,0.00559235,0.00354369
id17494,0.000819842,0.996428,0.00275184
id24919,0.805611,0.0459312,0.148457
id21043,0.00649241,0.000889021,0.992619
id17796,0.0141434,0.979793,0.00606398
id02166,0.799523,0.0275539,0.172923
id17503,0.999017,0.000538835,0.000443636
id21203,0.987233,0.00331656,0.00945007
id25626,0.999081,0.000901603,1.69163e-05
id09836,0.99881,0.00118436,6.10935e-06
id24202,0.000566462,0.0179784,0.981455
id27260,0.0312358,0.00373654,0.965028
id23167,0.000365661,4.77356e-05,0.999587
id10393,1.63687e-06,0.999994,4.03538e-06
id01171,0.997128,0.0027643,0.000107375
id06380,0.997223,0.00192685,0.000849571
id22686,0.423827,0.000589224,0.575583
id26250,0.260962,0.00487639,0.734162
id09315,0.0125418,0.929586,0.0578721
id00886,0.129297,0.864573,0.00612921
id03101,0.858583,0.0540837,0.0873336
id12367,0.428978,0.00156795,0.569454
id10770,0.953475,0.00142959,0.0450952
id14949,0.00474754,0.995088,0.000164668
id14141,0.01798,0.980825,0.00119539
id25417,0.936465,0.0505689,0.0129662
id26873,0.802511,0.0288835,0.168606
id10818,0.027863,0.000527969,0.971609
id15146,0.952781,0.000855347,0.0463636
id23328,0.974376,0.0195142,0.00611014
id16765,0.453601,0.40817,0.138229
id24383,0.962696,0.000575883,0.0367282
id21304,0.840718,0.158122,0.00115942
id12551,0.0772965,0.899936,0.0227676
id23274,0.0294376,0.0155745,0.954988
id08117,0.924614,0.00988587,0.0655002
id23961,0.904173,0.00205746,0.0937692
id13865,0.000687935,0.999001,0.000311197
id22807,0.114796,0.132003,0.753201
id08951,0.00871577,0.000466641,0.990818
id18684,0.999955,4.03844e-05,4.2087e-06
id25179,0.0117974,0.986041,0.00216147
id27033,0.681205,0.047244,0.271551
id13977,0.00165552,0.993838,0.00450636
id19337,5.405e-05,0.987612,0.0123339
id25764,0.00390907,0.985068,0.0110227
id16106,0.0354774,0.0181718,0.946351
id05468,0.00574743,2.18704e-05,0.994231
id05241,0.999869,1.98087e-05,0.000111162
id10215,0.867657,0.00172527,0.130618
id23457,0.00531152,0.0265309,0.968158
id02200,0.975714,0.0157849,0.00850125
id13714,0.0208398,0.973761,0.00539937
id20332,0.00344549,0.000212846,0.996342
id18573,0.00605958,0.0435108,0.95043
id08569,0.877025,0.0552962,0.0676792
id22767,0.00537956,0.994476,0.00014468
id25390,0.00822588,0.989285,0.00248871
id09288,0.946452,0.00300285,0.0505451
id12381,0.998176,0.000364614,0.00145996
id02895,0.00233534,0.000692866,0.996972
id25270,0.000435965,0.000431742,0.999132
id14248,0.269032,0.00445611,0.726512
id12831,0.895052,0.00431543,0.100632
id18305,0.701865,0.29357,0.00456433
id07805,0.921344,0.0777994,0.000856637
id14027,0.00751555,0.000935006,0.991549
id02760,0.99527,0.00355096,0.00117876
id24362,0.999987,9.06242e-06,4.07131e-06
id17065,0.468462,0.500335,0.0312029
id26583,0.0035297,0.746777,0.249693
id19664,0.327331,0.668551,0.00411769
id25145,0.999387,0.000295586,0.000317837
id17858,0.0116924,0.988144,0.000163699
id05148,0.0302637,0.0375679,0.932168
id22928,0.991785,0.00536455,0.00284996
id21549,0.5509,0.00855548,0.440544
id12649,0.0504365,0.94873,0.000833955
id21597,0.997189,0.00106715,0.00174408
id27945,0.746054,0.0427224,0.211223
id00243,0.999662,4.58745e-06,0.000333505
id02745,0.103769,0.0233859,0.872845
id23550,0.00023236,9.4863e-05,0.999673
id13023,1.72728e-05,1.73188e-06,0.999981
id24796,0.0259593,0.00877784,0.965263
id12284,0.385943,0.601227,0.0128296
id02664,1.23087e-06,0.999986,1.31413e-05
id23767,0.875825,0.0453222,0.0788524
id05859,0.000983151,0.992773,0.00624384
id14350,0.0276999,0.0146254,0.957675
id01191,0.0221798,0.90096,0.0768608
id17034,0.909234,0.00331875,0.0874475
id25292,0.98444,0.0153171,0.000242623
id22121,0.999948,4.96477e-05,2.76326e-06
id20872,1.0,1.1235e-07,1.75879e-10
id17720,0.0832771,0.914655,0.00206822
id22658,0.111974,0.879928,0.00809786
id09567,0.89021,0.0410735,0.0687162
id16445,0.996947,0.00286363,0.000189539
id08349,0.0725179,0.617941,0.309541
id27437,0.0222679,0.0360262,0.941706
id03812,0.963672,0.026556,0.00977197
id22304,0.984532,0.00595935,0.00950865
id04449,0.852354,0.0554054,0.0922405
id15605,0.332629,0.0197849,0.647586
id01768,0.914302,0.0160204,0.0696781
id20019,0.042556,0.458663,0.498781
id09593,0.000310299,0.97287,0.02682
id23179,0.385113,0.00152297,0.613364
id21279,0.916962,0.0270612,0.0559766
id06711,3.23786e-05,5.99117e-05,0.999908
id14243,0.00377911,0.993278,0.0029426
id04839,1.11878e-05,0.00381986,0.996169
id17220,0.00232861,0.96893,0.0287412
id24177,0.505215,0.0561468,0.438638
id20512,0.00293349,0.00143305,0.995633
id14036,0.000444788,0.999462,9.3373e-05
id25001,0.0117123,0.00208997,0.986198
id06175,9.39129e-06,0.99983,0.000160442
id24720,0.250303,0.654881,0.0948162
id08070,0.746325,0.248027,0.00564772
id18934,0.996788,0.00127565,0.00193636
id01338,0.985169,0.00053941,0.014292
id19008,0.0298123,0.909406,0.060782
id19632,0.117077,0.19639,0.686533
id26224,0.00136992,0.08852,0.91011
id08219,0.841685,0.000770436,0.157544
id24008,1.56076e-05,0.000252654,0.999732
id12475,0.21796,0.742765,0.0392753
id05766,0.00452377,0.000831271,0.994645
id27386,9.22251e-07,0.999996,3.41448e-06
id12476,0.000161917,0.999806,3.24638e-05
id08311,0.928088,0.0669293,0.00498318
id04996,0.196078,0.803917,5.27444e-06
id17350,0.0606742,0.937867,0.00145864
id05546,0.000215788,0.999557,0.000227043
id16504,0.158253,0.840745,0.00100187
id05782,2.32651e-08,1.91552e-07,1.0
id20560,0.980126,0.000949241,0.0189251
id14171,0.00135246,0.0033504,0.995297
id27461,0.138019,0.000544331,0.861436
id03581,0.0827043,0.00417596,0.91312
id21847,0.0107109,0.00192198,0.987367
id11712,0.927012,0.00703761,0.0659504
id26738,0.000164638,0.000325407,0.99951
id13668,0.998872,0.000934706,0.000193338
id15114,0.979916,0.0137833,0.00630076
id20130,0.874913,0.0164765,0.10861
id18331,0.703183,0.00678011,0.290037
id24465,0.999939,1.41326e-05,4.66444e-05
id13539,0.613287,0.261114,0.1256
id27564,0.00431477,0.956615,0.03907
id26043,0.000762277,9.85683e-06,0.999228
id04965,2.41463e-11,1.1347e-09,1.0
id08645,0.0230424,0.0255988,0.951359
id26610,0.684019,0.00823722,0.307744
id21737,0.753016,0.22766,0.0193239
id25784,0.000922213,0.995401,0.00367674
id23030,0.957592,0.0107794,0.031629
id16450,7.08901e-07,0.999983,1.64956e-05
id02161,0.677915,0.000777341,0.321308
id25535,0.997261,0.000271064,0.00246833
id16566,0.830976,0.000630355,0.168393
id05714,0.999808,0.000167716,2.46667e-05
id16524,0.987698,0.00981577,0.00248597
id23941,0.000413881,0.969014,0.0305722
id00831,0.00141806,0.122147,0.876435
id18145,0.498483,0.00885277,0.492664
id17227,0.999997,5.97582e-07,2.10525e-06
id09417,0.826413,0.00540782,0.168179
id21307,0.918722,0.0616402,0.0196376
id05650,0.00103724,0.9987,0.000262434
id23901,0.987632,0.00429101,0.00807712
id05831,0.997974,0.0015808,0.000445366
id16708,0.0756563,0.920908,0.00343594
id02281,0.00181355,0.0278226,0.970364
id11599,0.145384,0.012702,0.841914
id18353,5.17405e-05,0.999728,0.000220761
id07413,0.299169,0.635945,0.0648859
id15653,6.96804e-06,0.999987,5.75171e-06
id09715,0.00563641,0.000595889,0.993768
id05108,0.115662,0.880881,0.00345724
id09537,0.773812,0.0104759,0.215712
id27596,0.999653,0.000337939,8.80813e-06
id24255,0.00552274,0.000254136,0.994223
id05080,5.25172e-06,2.12939e-06,0.999993
id09484,0.99466,0.000677332,0.00466267
id14864,0.000220223,1.44729e-06,0.999778
id26836,0.958071,0.0393356,0.00259369
id07003,0.915742,0.042695,0.0415629
id13750,7.22794e-09,1.0,6.12229e-08
id21799,0.0177843,0.0819414,0.900274
id11285,1.0,9.09146e-08,2.85731e-08
id04735,0.931676,0.063961,0.0043625
id23049,2.38288e-05,0.00161563,0.998361
id05826,0.235804,0.564371,0.199826
id17916,0.565051,0.412226,0.022723
id14081,0.0421939,0.000473857,0.957332
id10527,0.00702547,7.42894e-05,0.9929
id16059,0.00866495,0.95629,0.0350454
id25542,0.993148,0.00670758,0.000144118
id05402,3.16845e-06,2.12039e-05,0.999976
id01927,0.84191,0.00768002,0.15041
id27656,0.093136,0.0393775,0.867487
id06708,0.0791676,0.636916,0.283916
id03524,0.60905,0.0693494,0.321601
id12297,0.912677,0.0103341,0.0769892
id03439,0.967756,0.0299557,0.0022883
id04587,0.000186312,0.997646,0.00216788
id25470,0.00740318,0.992401,0.000195944
id01212,0.310502,0.68446,0.00503811
id13932,0.76021,0.0476068,0.192184
id00124,0.00486397,8.50121e-05,0.995051
id01592,0.995376,0.00142808,0.0031956
id13461,0.109356,0.722513,0.168131
id24681,0.0119717,0.796601,0.191427
id23245,0.0375254,0.00595096,0.956524
id14073,0.422604,0.126945,0.450451
id05172,0.99784,0.000395135,0.00176506
id21979,0.705815,0.00168793,0.292497
id00328,0.85138,5.18623e-05,0.148568
id26102,0.99108,0.00357088,0.00534885
id14867,0.0464737,0.00498245,0.948544
id27544,0.00157446,0.998108,0.000317085
id16228,0.956559,0.000850631,0.04259
id16342,0.906444,0.0879913,0.00556427
id24933,0.999219,0.000386085,0.000394702
id04601,0.964152,0.012197,0.0236508
id01599,0.015507,0.973882,0.0106111
id06238,0.735146,0.264667,0.000187354
id06826,0.0211258,0.408093,0.570781
id23307,0.968967,0.0221385,0.00889462
id13575,0.997693,0.0014659,0.000841
id24174,0.505996,0.000520606,0.493484
id19534,6.2225e-05,0.00104021,0.998898
id19602,0.000648645,0.000909135,0.998442
id26962,0.00631171,0.984816,0.00887188
id04448,0.00353115,0.996469,1.70248e-07
id09786,0.66848,0.303808,0.0277121
id25240,0.835199,0.107895,0.0569063
id14893,0.879797,0.117702,0.00250175
id24221,0.992142,0.00771573,0.000142288
id04696,0.615949,0.00329905,0.380752
id15153,0.227426,0.644708,0.127866
id13882,2.84032e-06,0.999992,5.60594e-06
id17836,0.823124,0.171243,0.00563284
id00574,0.00250229,0.993375,0.00412281
id02078,0.000403902,0.980286,0.0193104
id21206,0.165894,0.791542,0.0425644
id20084,0.695156,0.0143127,0.290531
id26598,0.00314024,0.000530445,0.996329
id06838,0.25234,0.000781364,0.746878
id08786,0.000345618,0.00542508,0.994229
id09550,0.00920658,0.000824166,0.989969
id10206,0.996697,3.61207e-05,0.00326728
id21113,0.978115,0.00112411,0.020761
id21151,0.528779,0.424785,0.046436
id02692,0.996384,0.00279217,0.000823618
id26446,0.998583,0.00116597,0.000251042
id07377,0.879392,0.118737,0.00187041
id15998,0.966478,0.0155734,0.0179488
id19637,0.997108,0.000719638,0.00217275
id19735,0.0287258,0.960465,0.0108093
id13739,0.0037859,0.00194421,0.99427
id25175,0.981627,0.0141779,0.0041953
id00563,0.00701453,0.00197346,0.991012
id09982,0.984946,0.000717465,0.0143367
id15459,1.35205e-08,1.0,1.97232e-09
id20785,0.0141683,0.00637316,0.979459
id07145,4.48998e-05,0.00961477,0.99034
id22204,0.0976398,0.899362,0.00299836
id09285,0.989089,0.000778875,0.010132
id18157,4.28523e-07,9.36399e-07,0.999999
id12134,0.00129136,0.000157217,0.998551
id23914,0.999864,9.85377e-05,3.78818e-05
id10483,0.995373,0.00462403,3.30175e-06
id07092,0.999892,7.31763e-05,3.47902e-05
id14786,0.197707,0.266697,0.535596
id25741,0.39062,0.000597679,0.608782
id09050,0.00311783,0.996644,0.000237991
id04938,0.944603,0.0043667,0.0510307
id05901,0.979492,0.00698941,0.0135186
id16975,0.0122076,0.985952,0.00184045
id08547,0.00603302,0.000848868,0.993118
id16355,0.99498,0.000524261,0.00449615
id14568,0.985659,0.000213851,0.0141274
id25599,0.0122951,0.849022,0.138683
id01670,3.36694e-06,0.999993,3.97036e-06
id23945,0.116073,0.881997,0.00193001
id17394,0.0140565,0.00271566,0.983228
id06501,0.00788387,0.988696,0.00341982
id26234,0.0148255,0.980953,0.00422191
id21280,0.00898104,0.00029652,0.990722
id20048,0.00688984,0.0780903,0.91502
id01216,0.0464375,0.320883,0.632679
id25320,0.998538,0.000870766,0.000591692
id22833,0.0683932,0.0307552,0.900852
id22056,0.348789,0.644645,0.00656609
id02275,4.39537e-05,0.99983,0.000126074
id26127,0.659868,0.00245284,0.337679
id17011,0.00239099,0.997238,0.000371141
id13847,0.999194,0.000320497,0.000485337
id00013,0.00250205,0.996911,0.000587261
id16463,0.999062,0.000928218,9.62926e-06
id04845,0.129192,0.862265,0.00854262
id01787,0.00576529,0.0594299,0.934805
id08637,0.815021,0.0927245,0.0922542
id11414,0.00378934,0.000187458,0.996023
id13177,0.00562207,0.0720125,0.922365
id24517,0.993244,0.00662701,0.000128552
id26838,0.923703,0.0096557,0.0666414
id23081,0.000157542,0.999736,0.000106842
id16327,0.029095,0.969764,0.00114133
id27282,0.00405853,0.994994,0.000947019
id07489,0.810725,0.00176774,0.187507
id01718,0.000126681,3.83499e-05,0.999835
id15441,0.982297,0.0110414,0.00666123
id27736,0.00290612,0.969139,0.0279548
id16324,0.000498238,0.0102056,0.989296
id12027,0.00763279,0.322686,0.669681
id24653,0.00102588,0.998971,2.59971e-06
id17541,0.18619,0.0546447,0.759165
id22406,0.00529152,0.863681,0.131027
id18356,0.952693,0.0421639,0.00514336
id04505,0.956661,0.00455076,0.0387883
id04246,0.650018,0.152965,0.197017
id07368,0.324881,0.297725,0.377393
id26185,0.00155096,0.00148463,0.996964
id08878,0.037041,0.105107,0.857852
id27691,0.0050096,0.000364031,0.994626
id18004,0.852885,0.0147267,0.132388
id24426,0.718291,0.0235336,0.258176
id14164,0.999917,7.53944e-05,7.46395e-06
id12653,0.000264926,0.998437,0.00129807
id18060,0.781173,0.00370583,0.215121
id18556,0.370561,0.0148284,0.614611
id27371,0.236486,0.0332434,0.73027
id11989,0.0745207,0.673888,0.251592
id26095,0.988122,0.0111951,0.000683035
id24978,0.366508,0.399793,0.233699
id20322,0.925161,0.00147286,0.0733657
id01954,0.992928,0.00603587,0.00103628
id07434,0.0134752,0.00711795,0.979407
id18144,0.00647008,0.0018785,0.991651
id16250,0.180652,0.78923,0.0301179
id17793,0.00103144,0.00607891,0.99289
id24067,0.000740941,0.00117468,0.998084
id13891,0.0136276,3.66379e-05,0.986336
id07334,0.00302558,0.98771,0.00926428
id15633,0.000679461,0.995778,0.0035423
id23239,0.976136,0.00118099,0.0226831
id10674,0.285455,0.296317,0.418228
id22093,0.71408,0.277552,0.00836852
id08444,0.0509629,0.588172,0.360865
id03257,0.225104,0.244568,0.530329
id10040,0.352634,0.512324,0.135042
id04902,0.000463205,1.13855e-05,0.999525
id01219,0.66894,0.330452,0.00060887
id01340,0.999867,0.000107453,2.55717e-05
id05117,2.99057e-05,0.999937,3.2662e-05
id04908,0.0865692,0.00241765,0.911013
id03626,0.0112086,0.00224372,0.986548
id01888,0.988284,0.0102284,0.00148738
id17199,0.0202833,0.000430023,0.979287
id11200,0.0190267,0.980735,0.000237743
id27561,0.103092,0.00079255,0.896115
id20966,0.0146679,0.979495,0.00583703
id10257,0.000315248,0.999647,3.81896e-05
id21168,0.010898,0.94009,0.0490117
id23363,0.0666034,0.000531848,0.932865
id05321,0.875899,0.0277835,0.0963176
id09928,3.08814e-05,1.03018e-05,0.999959
id18015,0.735681,0.259507,0.00481187
id02082,7.44235e-06,0.999986,6.56522e-06
id19279,0.63561,0.264549,0.0998414
id08541,0.668608,0.260557,0.0708352
id15249,0.035505,0.962621,0.00187406
id03609,0.0211185,0.945979,0.0329024
id22902,0.592846,0.0749027,0.332252
id17733,0.992142,0.00596999,0.0018882
id07554,0.00881286,0.0141514,0.977036
id14120,0.936725,0.00975162,0.0535236
id21802,0.0425506,0.896631,0.0608187
id15614,0.0351546,0.964294,0.000551885
id19437,0.000519682,0.000783816,0.998697
id22698,0.891195,0.108553,0.000251947
id21841,3.33441e-06,0.999996,1.04101e-06
id16177,0.858796,0.141037,0.000166878
id15887,0.00785169,0.0877444,0.904404
id22629,0.604767,0.00168639,0.393546
id10346,0.999827,0.000136216,3.72072e-05
id05154,0.996114,0.000595146,0.00329074
id22913,0.818606,0.181167,0.000226328
id10544,0.025238,0.0642801,0.910482
id08703,0.047627,0.951715,0.000658246
id12817,0.918842,0.00152633,0.0796316
id25433,0.996052,0.00150183,0.00244624
id25112,0.0155815,0.000549901,0.983869
id05054,0.0123513,0.865093,0.122556
id02311,0.0455525,0.916833,0.0376143
id22160,0.17045,0.741448,0.0881024
id17422,0.999232,0.00071021,5.80366e-05
id18985,0.94745,0.0124467,0.040103
id21905,0.0500528,0.00128064,0.948667
id17474,0.993601,0.00518029,0.0012189
id15236,8.77482e-05,0.95235,0.0475619
id13964,0.914602,0.0164301,0.0689675
id15962,1.37235e-09,1.0,3.77676e-09
id20866,0.0140893,0.0317322,0.954179
id06625,0.011172,0.00321381,0.985614
id09793,0.63289,0.0196458,0.347465
id17365,0.00336645,0.993782,0.00285203
id18463,0.0267894,0.733141,0.240069
id20693,0.0228407,0.94065,0.0365098
id08785,1.38651e-05,0.99997,1.63506e-05
id06783,0.0139054,0.980095,0.00599916
id23178,0.00887427,0.00217443,0.988951
id13513,8.22811e-05,0.999906,1.20364e-05
id25361,0.000296926,0.00177413,0.997929
id22319,0.950718,0.00663268,0.0426489
id14024,0.198117,0.00333761,0.798546
id24186,0.144129,0.850582,0.00528887
id20965,0.99998,1.76524e-05,2.04015e-06
id06242,0.0248136,0.00693463,0.968252
id25665,0.0021609,0.0701429,0.927696
id09706,0.830225,0.123007,0.0467686
id11026,1.31173e-05,0.999913,7.4245e-05
id04223,0.98967,0.00657972,0.00375075
id19674,0.0330479,0.951187,0.015765
id23420,0.00137918,0.540608,0.458012
id18059,0.00048898,0.999442,6.92429e-05
id22576,0.999039,0.000646049,0.000314938
id18495,1.37988e-05,0.999946,4.00355e-05
id14139,0.999751,0.000115774,0.000133157
id18313,0.00723502,0.992129,0.000636298
id27356,0.9829,0.00989168,0.00720828
id16035,0.479126,0.0428005,0.478073
id04182,0.669477,0.218346,0.112177
id15667,0.969948,0.0116932,0.0183587
id08713,0.985027,0.00812098,0.00685185
id25563,0.000124485,0.999659,0.000216045
id17023,0.999948,4.77073e-05,3.96979e-06
id03014,1.75437e-05,0.999154,0.000828024
id23812,9.46684e-06,0.99999,6.08231e-07
id20057,0.00743785,0.674073,0.318489
id12385,0.788635,0.0336372,0.177728
id24416,0.471102,0.524973,0.00392528
id15672,0.00119085,0.992722,0.0060874
id13868,0.383907,0.604541,0.0115521
id21095,0.000902343,0.00120834,0.997889
id05305,0.802593,0.0509145,0.146493
id15384,0.0837632,0.105903,0.810333
id14049,0.00019899,8.40544e-06,0.999793
id23441,0.966656,0.0211223,0.0122216
id12856,0.741925,0.00274169,0.255334
id16055,0.0101809,0.00781873,0.982
id24771,0.787215,0.17622,0.0365652
id14053,0.976597,0.0010783,0.0223247
id19547,0.00732156,0.151004,0.841674
id03639,0.0932093,0.86839,0.0384006
id14546,0.815406,0.0898152,0.094779
id13935,0.941951,0.00655349,0.0514952
id20335,0.0443061,0.923966,0.0317278
id07301,0.27068,0.259711,0.469609
id10186,0.985236,0.000725084,0.0140385
id00192,0.826273,0.11045,0.0632777
id17851,0.987817,0.0104122,0.00177097
id08403,0.409503,0.466461,0.124036
id06183,0.673449,0.0906349,0.235916
id24738,0.0546923,0.806676,0.138632
id15112,0.999062,2.25504e-05,0.000915018
id19819,0.000546195,6.76269e-05,0.999386
id17722,0.000186779,0.000386007,0.999427
id24273,8.08496e-05,0.953292,0.0466274
id18939,0.00351581,0.00565488,0.990829
id16076,0.5338,0.464974,0.00122633
id23158,0.00612897,0.00180241,0.992069
id12745,0.989765,0.000761206,0.00947375
id22538,0.210489,0.215362,0.574149
id14975,0.0469161,0.947817,0.00526719
id27537,0.849642,0.0799945,0.0703634
id06632,0.0294732,0.000265085,0.970262
id08100,0.013442,0.985574,0.000984185
id00843,0.999523,0.000193445,0.000283995
id22159,0.00601973,0.00086013,0.99312
