id,EAP,HPL,MWS
id02310,0.307181,0.274422,0.418397
id24541,0.451746,0.28933,0.258924
id00134,0.346295,0.403252,0.250452
id27757,0.401391,0.313766,0.284843
id04081,0.397147,0.231699,0.371154
id27337,0.37255,0.346253,0.281197
id24265,0.521499,0.239426,0.239076
id25917,0.330472,0.293548,0.375981
id04951,0.456115,0.327199,0.216686
id14549,0.57747,0.227765,0.194765
id22505,0.370066,0.334202,0.295732
id24002,0.284614,0.316828,0.398558
id18982,0.257986,0.242683,0.499331
id15181,0.366811,0.298626,0.334563
id21888,0.497961,0.272196,0.229844
id12035,0.338477,0.178906,0.482617
id17991,0.441416,0.242114,0.316471
id10707,0.505631,0.257754,0.236616
id07101,0.464906,0.275385,0.259709
id00345,0.443345,0.292427,0.264228
id05912,0.457999,0.252253,0.289748
id13443,0.362307,0.341521,0.296172
id09248,0.486658,0.264966,0.248376
id17542,0.435016,0.263088,0.301896
id06995,0.419748,0.276706,0.303546
id25159,0.430333,0.211698,0.357969
id25729,0.413726,0.266919,0.319355
id26949,0.506896,0.294284,0.19882
id27191,0.317182,0.214773,0.468045
id07668,0.329181,0.286586,0.384234
id02230,0.367057,0.25438,0.378563
id15553,0.499464,0.278517,0.22202
id25688,0.295584,0.378124,0.326292
id17545,0.348134,0.308286,0.34358
id13929,0.442447,0.271118,0.286435
id12880,0.39252,0.292192,0.315288
id19282,0.429018,0.265408,0.305574
id14690,0.311286,0.257837,0.430877
id17975,0.437862,0.292067,0.270071
id08037,0.544731,0.239593,0.215675
id15412,0.509154,0.202708,0.288138
id25032,0.418433,0.248999,0.332569
id27165,0.448801,0.280684,0.270515
id03327,0.407318,0.315405,0.277277
id18515,0.455957,0.313318,0.230725
id21003,0.342114,0.340487,0.3174
id23855,0.326432,0.349593,0.323975
id20724,0.489503,0.21965,0.290847
id13303,0.411251,0.319624,0.269125
id16521,0.364613,0.341196,0.294191
id20775,0.473992,0.268097,0.257911
id13029,0.430441,0.269422,0.300136
id14660,0.385163,0.277455,0.337383
id11028,0.23368,0.134914,0.631406
id14180,0.430556,0.295125,0.274319
id25860,0.437132,0.316994,0.245874
id11910,0.373963,0.205947,0.420089
id08065,0.286121,0.31486,0.399019
id22674,0.392724,0.309936,0.29734
id25018,0.376576,0.254511,0.368913
id10892,0.378858,0.346694,0.274448
id10217,0.373192,0.301985,0.324823
id12996,0.407401,0.254523,0.338076
id18262,0.391963,0.296708,0.31133
id08606,0.413324,0.299337,0.287339
id17233,0.474029,0.247109,0.278862
id00101,0.451565,0.298535,0.249899
id12225,0.485875,0.254154,0.259971
id01364,0.407256,0.367808,0.224937
id24973,0.431156,0.252839,0.316005
id25363,0.279883,0.23315,0.486966
id10061,0.391414,0.286972,0.321613
id17673,0.357513,0.322763,0.319725
id13249,0.418615,0.26407,0.317314
id10107,0.378464,0.227711,0.393825
id04403,0.442906,0.284034,0.27306
id25728,0.381394,0.300974,0.317632
id16184,0.315121,0.315875,0.369004
id03438,0.378898,0.282581,0.33852
id22923,0.387653,0.329351,0.282996
id08610,0.490146,0.277597,0.232257
id25355,0.324426,0.309998,0.365576
id16916,0.416657,0.293812,0.289531
id12793,0.369419,0.342603,0.287978
id11859,0.456291,0.238772,0.304937
id02434,0.423817,0.290981,0.285202
id27703,0.316688,0.204267,0.479045
id25212,0.323891,0.355465,0.320644
id11308,0.424557,0.231102,0.344341
id26094,0.434025,0.293542,0.272434
id22080,0.474411,0.290549,0.23504
id03545,0.476619,0.257764,0.265617
id23725,0.350888,0.310019,0.339094
id12009,0.475346,0.295506,0.229149
id24241,0.494994,0.239523,0.265483
id03596,0.386698,0.332265,0.281037
id10749,0.361168,0.319259,0.319574
id22794,0.288948,0.277339,0.433713
id15482,0.392102,0.317943,0.289955
id04833,0.42006,0.322124,0.257816
id00397,0.35479,0.294786,0.350424
id14691,0.423546,0.293428,0.283026
id05193,0.406449,0.249417,0.344135
id19541,0.436586,0.317039,0.246375
id22166,0.270517,0.267026,0.462457
id20744,0.242292,0.148051,0.609656
id10392,0.321294,0.319324,0.359382
id00770,0.498127,0.270066,0.231807
id06018,0.433097,0.295229,0.271674
id15678,0.425796,0.304192,0.270012
id08305,0.486441,0.233817,0.279742
id08903,0.288698,0.231435,0.479867
id14752,0.455092,0.292484,0.252424
id12468,0.351659,0.33651,0.31183
id05085,0.469182,0.315569,0.215249
id21993,0.428981,0.24141,0.329609
id15503,0.422444,0.32968,0.247876
id03021,0.374031,0.335617,0.290352
id16123,0.433227,0.286729,0.280044
id19383,0.420828,0.309985,0.269187
id04186,0.431918,0.228539,0.339544
id17954,0.310664,0.33591,0.353426
id12030,0.31037,0.143795,0.545835
id13020,0.403523,0.324699,0.271778
id25327,0.288397,0.330026,0.381578
id16344,0.392249,0.301118,0.306632
id12303,0.453831,0.281813,0.264356
id15017,0.475649,0.277777,0.246574
id22308,0.348443,0.349693,0.301864
id06536,0.341934,0.3736,0.284466
id19797,0.427853,0.235921,0.336226
id06332,0.414054,0.305235,0.280711
id22941,0.330803,0.353964,0.315234
id13547,0.307458,0.338091,0.35445
id06928,0.338745,0.216247,0.445008
id12521,0.38433,0.346156,0.269514
id25716,0.423328,0.212362,0.364309
id27116,0.325595,0.205673,0.468732
id19941,0.434643,0.314231,0.251127
id05711,0.312812,0.223939,0.463249
id02097,0.384172,0.306076,0.309751
id03563,0.382115,0.357087,0.260799
id02295,0.474196,0.272203,0.253601
id08179,0.388719,0.32663,0.284651
id05332,0.387133,0.315224,0.297642
id15697,0.349675,0.328803,0.321522
id17026,0.508502,0.213448,0.27805
id04243,0.433328,0.290164,0.276508
id13175,0.3288,0.284439,0.386761
id05387,0.366788,0.351111,0.282102
id19989,0.476736,0.264384,0.258879
id25173,0.345215,0.299022,0.355762
id08925,0.466747,0.296432,0.236821
id03034,0.389841,0.292749,0.31741
id13272,0.372911,0.337773,0.289316
id07956,0.30019,0.243229,0.456582
id02648,0.404009,0.24844,0.347551
id01778,0.300289,0.312265,0.387445
id12846,0.395114,0.232608,0.372277
id19001,0.413102,0.278302,0.308597
id05763,0.383269,0.335491,0.28124
id15590,0.293834,0.238481,0.467686
id04912,0.417809,0.25098,0.331211
id21201,0.445636,0.328525,0.225839
id13215,0.512757,0.201452,0.285791
id15612,0.393183,0.319636,0.28718
id18501,0.411206,0.341729,0.247065
id07223,0.436616,0.246226,0.317159
id06707,0.318489,0.317866,0.363645
id05238,0.366077,0.348928,0.284994
id00935,0.326688,0.308942,0.36437
id00110,0.332634,0.285999,0.381367
id17476,0.415522,0.30569,0.278789
id15170,0.426671,0.334559,0.23877
id13397,0.354818,0.244011,0.401171
id24283,0.400449,0.324392,0.275159
id15234,0.455865,0.318673,0.225462
id16884,0.324589,0.318591,0.35682
id07831,0.416847,0.248643,0.33451
id16038,0.464519,0.255351,0.280131
id03629,0.517551,0.260103,0.222346
id21019,0.513217,0.271181,0.215602
id21835,0.342806,0.299307,0.357887
id04480,0.409145,0.339541,0.251315
id20838,0.430958,0.255992,0.31305
id24195,0.42332,0.30538,0.2713
id05448,0.411783,0.312153,0.276064
id15957,0.428664,0.298474,0.272862
id19956,0.309044,0.177073,0.513883
id15104,0.335739,0.312437,0.351824
id17559,0.375594,0.306303,0.318102
id16839,0.339205,0.305427,0.355368
id14493,0.428536,0.245884,0.32558
id08833,0.43434,0.259418,0.306242
id15723,0.377119,0.216001,0.406879
id02716,0.456867,0.26527,0.277862
id06689,0.454319,0.303937,0.241744
id18837,0.320154,0.203438,0.476409
id04466,0.437313,0.335933,0.226755
id00686,0.363423,0.340626,0.295951
id09010,0.388722,0.347763,0.263515
id23353,0.578941,0.2053,0.21576
id00066,0.373663,0.298492,0.327845
id15724,0.392485,0.316532,0.290983
id23486,0.356155,0.330224,0.313622
id22258,0.299424,0.266369,0.434207
id02292,0.446346,0.233457,0.320197
id16356,0.424308,0.275642,0.30005
id00235,0.406828,0.269256,0.323916
id25522,0.342539,0.305528,0.351933
id04204,0.385312,0.297482,0.317206
id22016,0.433604,0.234177,0.332218
id06480,0.331564,0.392369,0.276067
id08718,0.291395,0.177635,0.530969
id05251,0.379222,0.34635,0.274428
id03359,0.354453,0.317455,0.328091
id16117,0.385862,0.261771,0.352367
id17000,0.312909,0.37792,0.309171
id01730,0.398719,0.335884,0.265397
id00630,0.518301,0.264189,0.217509
id18175,0.352641,0.235926,0.411433
id00907,0.433936,0.306225,0.259838
id18251,0.375539,0.351475,0.272985
id25861,0.408699,0.291271,0.300031
id00398,0.418405,0.33939,0.242205
id27573,0.466184,0.262998,0.270818
id10022,0.340395,0.297627,0.361977
id15901,0.399454,0.233031,0.367515
id00451,0.340762,0.319334,0.339904
id23129,0.400017,0.313135,0.286848
id26498,0.41726,0.319885,0.262855
id14741,0.432225,0.30768,0.260095
id18453,0.30244,0.264492,0.433068
id08309,0.440043,0.272265,0.287692
id00320,0.507452,0.280709,0.211839
id07688,0.398453,0.307236,0.294311
id01556,0.329554,0.263475,0.406971
id00178,0.397594,0.287133,0.315273
id18902,0.332858,0.310069,0.357073
id27002,0.375643,0.324504,0.299853
id21418,0.437648,0.297771,0.264581
id23018,0.339515,0.314175,0.34631
id07032,0.342894,0.245478,0.411627
id16195,0.367097,0.315888,0.317015
id11202,0.417401,0.344409,0.238189
id09578,0.435923,0.261151,0.302926
id26984,0.445328,0.239825,0.314848
id19856,0.417777,0.307802,0.274421
id12086,0.480187,0.277261,0.242552
id12052,0.323748,0.277733,0.398519
id17728,0.332692,0.331074,0.336234
id24608,0.399114,0.295252,0.305634
id21097,0.349085,0.275417,0.375499
id20179,0.338373,0.330286,0.331341
id15144,0.474059,0.219104,0.306837
id00206,0.4552,0.292752,0.252048
id22285,0.477163,0.250769,0.272068
id06417,0.444236,0.260134,0.295631
id00215,0.431368,0.313314,0.255318
id04201,0.439781,0.290374,0.269845
id21771,0.530964,0.231859,0.237177
id12451,0.376643,0.341018,0.282338
id14250,0.353215,0.290434,0.356352
id03433,0.399807,0.269621,0.330573
id03303,0.317386,0.246288,0.436326
id25901,0.326606,0.336969,0.336425
id06945,0.374184,0.331668,0.294148
id05664,0.482283,0.208486,0.309231
id05741,0.436232,0.270428,0.29334
id10652,0.568502,0.237743,0.193754
id16300,0.426855,0.304576,0.268569
id12319,0.483628,0.250196,0.266176
id07500,0.378127,0.38581,0.236064
id12478,0.399344,0.273299,0.327356
id03076,0.288466,0.22795,0.483584
id00969,0.39351,0.296627,0.309862
id23636,0.465143,0.300293,0.234564
id09791,0.393313,0.333701,0.272986
id05680,0.360483,0.358792,0.280725
id03672,0.326449,0.342393,0.331158
id04286,0.284514,0.398391,0.317095
id23883,0.394627,0.361577,0.243795
id11914,0.368774,0.201676,0.42955
id20974,0.455468,0.322918,0.221614
id26125,0.459657,0.245766,0.294577
id15543,0.354319,0.24506,0.400622
id19471,0.448805,0.262083,0.289113
id11503,0.394336,0.327382,0.278281
id09321,0.339274,0.326844,0.333882
id25560,0.325088,0.316829,0.358083
id06726,0.421536,0.295745,0.282719
id05709,0.360057,0.238169,0.401775
id09788,0.332458,0.336562,0.33098
id05289,0.435888,0.307982,0.25613
id11815,0.409414,0.343879,0.246707
id22422,0.388917,0.282935,0.328149
id25954,0.392913,0.301598,0.305489
id13601,0.4466,0.209242,0.344158
id05677,0.405841,0.29464,0.299519
id10498,0.445952,0.285932,0.268116
id02665,0.463209,0.294872,0.241919
id10114,0.382006,0.308545,0.30945
id26314,0.450293,0.307339,0.242369
id21240,0.40768,0.318994,0.273326
id15569,0.468574,0.295296,0.236129
id25928,0.410663,0.324999,0.264337
id22706,0.39562,0.34855,0.25583
id20877,0.306506,0.395222,0.298272
id04318,0.479066,0.254667,0.266267
id18299,0.468965,0.258819,0.272215
id08126,0.331288,0.298529,0.370182
id14293,0.417808,0.292161,0.290031
id12759,0.457805,0.254935,0.28726
id11983,0.4069,0.324314,0.268785
id05580,0.390253,0.345956,0.263791
id25846,0.37025,0.314466,0.315284
id01939,0.467559,0.255956,0.276485
id26327,0.488061,0.264047,0.247892
id11068,0.24538,0.195385,0.559235
id08404,0.391723,0.340186,0.268091
id27189,0.378177,0.318806,0.303017
id15119,0.326023,0.331108,0.342868
id26525,0.494969,0.25253,0.252501
id03618,0.441102,0.333914,0.224985
id27220,0.37131,0.302007,0.326683
id18777,0.36967,0.180447,0.449883
id20213,0.523666,0.252809,0.223525
id20403,0.428748,0.323524,0.247728
id03777,0.412303,0.293506,0.294191
id10595,0.376219,0.327131,0.29665
id13816,0.397087,0.342616,0.260297
id05667,0.304672,0.219732,0.475596
id24629,0.447855,0.269465,0.28268
id20398,0.363159,0.327131,0.309711
id14108,0.361665,0.233083,0.405252
id06196,0.323493,0.362908,0.313599
id02800,0.397526,0.333596,0.268878
id18732,0.316431,0.393888,0.289681
id11915,0.342263,0.366522,0.291215
id09739,0.435376,0.265406,0.299218
id24672,0.455041,0.270475,0.274484
id00414,0.222018,0.219031,0.558951
id16307,0.346895,0.348402,0.304702
id14043,0.391128,0.231262,0.377611
id00517,0.286063,0.261033,0.452904
id09744,0.425712,0.309596,0.264692
id19257,0.528586,0.222371,0.249043
id15437,0.417776,0.290148,0.292075
id16352,0.35382,0.322023,0.324156
id18849,0.396403,0.334204,0.269393
id19434,0.419416,0.355361,0.225223
id17928,0.357536,0.366866,0.275598
id16896,0.418932,0.269346,0.311722
id02135,0.327022,0.301867,0.37111
id15075,0.45753,0.310618,0.231853
id27486,0.472518,0.283252,0.24423
id19422,0.421831,0.334663,0.243506
id09603,0.39119,0.292113,0.316697
id02133,0.453683,0.304696,0.241621
id03441,0.464951,0.236035,0.299014
id02398,0.396839,0.337241,0.26592
id05152,0.376682,0.288032,0.335287
id17838,0.380834,0.269442,0.349724
id25060,0.352749,0.275742,0.37151
id09998,0.411888,0.300504,0.287608
id01828,0.333073,0.347515,0.319413
id25377,0.390488,0.299489,0.310023
id22175,0.385691,0.326588,0.287721
id02974,0.325184,0.27122,0.403596
id26955,0.453805,0.270801,0.275394
id21091,0.351564,0.230662,0.417774
id12802,0.397776,0.335451,0.266773
id07432,0.375436,0.380642,0.243923
id18749,0.351275,0.361904,0.286821
id15030,0.323827,0.235697,0.440476
id17155,0.36607,0.322389,0.311541
id08128,0.38192,0.371305,0.246774
id25706,0.399111,0.332266,0.268623
id15645,0.520142,0.234489,0.245369
id04943,0.361568,0.337083,0.301349
id27566,0.354462,0.324975,0.320563
id11765,0.368563,0.349627,0.28181
id13783,0.37959,0.308009,0.312401
id00492,0.358461,0.268826,0.372713
id27636,0.403833,0.257596,0.338571
id04273,0.338135,0.364495,0.29737
id02537,0.389704,0.165189,0.445107
id24349,0.411555,0.326134,0.26231
id00023,0.335529,0.378559,0.285913
id23025,0.336488,0.31983,0.343682
id08722,0.42602,0.238367,0.335613
id02420,0.380749,0.332778,0.286473
id10811,0.413681,0.287937,0.298382
id04019,0.391998,0.311862,0.29614
id18334,0.506846,0.265941,0.227213
id16781,0.511476,0.231493,0.257032
id08773,0.458994,0.323429,0.217577
id19214,0.475732,0.28414,0.240128
id09589,0.403568,0.314923,0.281509
id24246,0.461082,0.279017,0.259901
id23577,0.524294,0.249437,0.226269
id09305,0.516729,0.212841,0.27043
id16460,0.439208,0.315012,0.24578
id21115,0.448315,0.265629,0.286056
id25996,0.431388,0.257307,0.311305
id02551,0.342758,0.301852,0.355389
id19352,0.280784,0.258307,0.460909
id03806,0.333078,0.27616,0.390762
id26544,0.502183,0.256028,0.241789
id18761,0.367528,0.341454,0.291018
id24148,0.355977,0.366318,0.277704
id16095,0.400961,0.312549,0.28649
id18442,0.446866,0.320128,0.233007
id22596,0.279432,0.289991,0.430577
id23002,0.345655,0.28877,0.365575
id04797,0.521121,0.253491,0.225388
id06610,0.359698,0.240044,0.400258
id16173,0.451992,0.253078,0.29493
id18292,0.350562,0.31015,0.339288
id27328,0.500738,0.246144,0.253118
id01695,0.381332,0.338126,0.280543
id05761,0.359579,0.292607,0.347815
id16354,0.319962,0.23441,0.445628
id12207,0.345034,0.32185,0.333116
id05665,0.327477,0.278486,0.394037
id01911,0.470657,0.257891,0.271452
id19153,0.378115,0.278983,0.342901
id10295,0.377731,0.327056,0.295213
id23038,0.400024,0.277303,0.322673
id23783,0.37522,0.341082,0.283699
id27879,0.439262,0.303048,0.257689
id19190,0.399888,0.304483,0.295629
id05065,0.322079,0.333721,0.344201
id21296,0.400702,0.359372,0.239926
id13262,0.297275,0.313067,0.389658
id10333,0.422465,0.333584,0.243951
id16677,0.461373,0.2907,0.247926
id01392,0.344486,0.284308,0.371206
id27874,0.597984,0.220942,0.181074
id02294,0.480176,0.254977,0.264848
id18298,0.404601,0.320004,0.275395
id06997,0.440404,0.284536,0.275059
id05243,0.420301,0.30499,0.274709
id00860,0.38085,0.340907,0.278243
id26681,0.35174,0.289324,0.358936
id06020,0.429948,0.287073,0.28298
id27683,0.420502,0.291347,0.288151
id17655,0.404336,0.301837,0.293828
id08817,0.345636,0.298148,0.356216
id11512,0.328898,0.296628,0.374474
id00478,0.442989,0.254263,0.302748
id02116,0.388535,0.289478,0.321987
id06746,0.308502,0.298913,0.392585
id03863,0.480073,0.252034,0.267893
id01802,0.33913,0.29956,0.36131
id11682,0.373108,0.270797,0.356095
id04033,0.353561,0.366587,0.279851
id09286,0.33481,0.348073,0.317118
id12904,0.492326,0.22075,0.286924
id07420,0.352798,0.324339,0.322863
id22398,0.381927,0.344567,0.273506
id00424,0.320542,0.271775,0.407683
id20960,0.46854,0.288977,0.242484
id10267,0.416421,0.272234,0.311346
id19330,0.419636,0.293851,0.286513
id00994,0.301341,0.370033,0.328626
id10785,0.401711,0.267337,0.330952
id00955,0.384412,0.302543,0.313046
id09757,0.350313,0.345101,0.304586
id10030,0.32491,0.273642,0.401448
id22952,0.424943,0.288524,0.286533
id21955,0.346466,0.314246,0.339287
id07674,0.360131,0.316056,0.323813
id13760,0.401431,0.307358,0.291211
id18166,0.453625,0.268089,0.278286
id23498,0.47529,0.313375,0.211335
id05296,0.480594,0.234638,0.284768
id26709,0.359148,0.336998,0.303855
id02853,0.474118,0.303534,0.222348
id06800,0.423202,0.240111,0.336687
id14758,0.401889,0.317999,0.280113
id12356,0.435177,0.323445,0.241378
id21492,0.425302,0.296092,0.278606
id27540,0.349688,0.362141,0.288171
id07376,0.309657,0.308838,0.381505
id15201,0.331851,0.340896,0.327253
id23388,0.335616,0.365807,0.298578
id13923,0.397125,0.271135,0.33174
id00794,0.323037,0.348227,0.328735
id23910,0.344231,0.278505,0.377264
id02556,0.359898,0.277972,0.36213
id22151,0.375125,0.370048,0.254827
id11698,0.437222,0.264183,0.298595
id11627,0.477147,0.298512,0.224342
id06340,0.471547,0.282868,0.245584
id05123,0.523582,0.219845,0.256573
id26620,0.318808,0.257925,0.423267
id04002,0.339736,0.34819,0.312074
id26554,0.342573,0.318214,0.339213
id18012,0.351812,0.337928,0.31026
id12964,0.365336,0.258146,0.376518
id18965,0.302175,0.342065,0.35576
id19082,0.446316,0.221576,0.332109
id26742,0.322868,0.274606,0.402526
id15442,0.388676,0.263538,0.347786
id16647,0.41696,0.242024,0.341016
id11544,0.364007,0.329203,0.306791
id20581,0.363866,0.270335,0.365799
id13192,0.452328,0.30709,0.240581
id15814,0.270313,0.237664,0.492023
id26279,0.361639,0.362916,0.275445
id00240,0.504703,0.254507,0.24079
id22836,0.470819,0.265319,0.263861
id15085,0.319469,0.348764,0.331767
id17495,0.447077,0.264464,0.288459
id26762,0.348898,0.213417,0.437685
id13685,0.508807,0.21085,0.280343
id16560,0.392704,0.350283,0.257013
id17184,0.311073,0.378605,0.310322
id21635,0.445688,0.269044,0.285268
id26751,0.339936,0.366351,0.293713
id12351,0.410624,0.307898,0.281479
id14872,0.47805,0.28344,0.23851
id18372,0.447803,0.295575,0.256622
id26851,0.418799,0.274346,0.306856
id22659,0.411757,0.299276,0.288967
id04102,0.368258,0.275369,0.356373
id02353,0.304825,0.355042,0.340133
id26721,0.433688,0.334756,0.231555
id11171,0.483779,0.252174,0.264047
id13562,0.493007,0.262994,0.243999
id26425,0.390744,0.248364,0.360892
id26394,0.393081,0.248554,0.358365
id22187,0.554861,0.222839,0.2223
id00422,0.436519,0.325882,0.237598
id22667,0.3855,0.371457,0.243043
id00911,0.434639,0.217484,0.347876
id17291,0.397493,0.212365,0.390142
id01915,0.315959,0.353397,0.330645
id01434,0.445074,0.222552,0.332374
id01584,0.507262,0.238477,0.254262
id09266,0.364788,0.336256,0.298956
id17494,0.275543,0.349462,0.374995
id24919,0.553289,0.204799,0.241913
id21043,0.382674,0.253365,0.363961
id17796,0.400749,0.30763,0.291621
id02166,0.310297,0.250773,0.43893
id17503,0.367276,0.294674,0.33805
id21203,0.472509,0.237709,0.289782
id25626,0.423163,0.312384,0.264453
id09836,0.433772,0.26562,0.300607
id24202,0.345552,0.32596,0.328489
id27260,0.456831,0.235521,0.307649
id23167,0.346244,0.301653,0.352103
id10393,0.44901,0.317287,0.233702
id01171,0.422714,0.300521,0.276765
id06380,0.418841,0.289265,0.291894
id22686,0.402137,0.279989,0.317873
id26250,0.481788,0.229947,0.288265
id09315,0.39544,0.322594,0.281966
id00886,0.404951,0.30125,0.293799
id03101,0.42205,0.325567,0.252383
id12367,0.406301,0.263504,0.330195
id10770,0.535021,0.240612,0.224366
id14949,0.395807,0.308618,0.295575
id14141,0.402393,0.329773,0.267834
id25417,0.379595,0.346422,0.273983
id26873,0.414268,0.3326,0.253133
id10818,0.401195,0.216784,0.382021
id15146,0.476707,0.246641,0.276652
id23328,0.49584,0.246114,0.258046
id16765,0.387611,0.319462,0.292927
id24383,0.387612,0.283563,0.328825
id21304,0.453121,0.323561,0.223317
id12551,0.38362,0.353549,0.262831
id23274,0.38173,0.305167,0.313103
id08117,0.462485,0.247904,0.289611
id23961,0.316469,0.241347,0.442184
id13865,0.431508,0.272078,0.296414
id22807,0.403412,0.30488,0.291708
id08951,0.437211,0.278286,0.284503
id18684,0.530111,0.246282,0.223607
id25179,0.437679,0.284724,0.277597
id27033,0.38443,0.252561,0.363009
id13977,0.42312,0.296306,0.280574
id19337,0.330211,0.361516,0.308272
id25764,0.378306,0.324826,0.296868
id16106,0.436413,0.297666,0.26592
id05468,0.381069,0.25312,0.365811
id05241,0.34814,0.217478,0.434382
id10215,0.360714,0.315924,0.323362
id23457,0.380295,0.306063,0.313642
id02200,0.408919,0.312774,0.278307
id13714,0.381507,0.338653,0.279841
id20332,0.316282,0.337468,0.34625
id18573,0.321961,0.305589,0.37245
id08569,0.411806,0.300426,0.287768
id22767,0.435759,0.249638,0.314603
id25390,0.357553,0.343719,0.298728
id09288,0.461512,0.250379,0.288109
id12381,0.41478,0.34197,0.243249
id02895,0.355038,0.217416,0.427546
id25270,0.33273,0.269966,0.397304
id14248,0.41347,0.219137,0.367393
id12831,0.453058,0.251346,0.295596
id18305,0.445951,0.280111,0.273938
id07805,0.377852,0.33016,0.291988
id14027,0.384725,0.274393,0.340883
id02760,0.543911,0.232468,0.223621
id24362,0.483489,0.285253,0.231257
id17065,0.398165,0.334489,0.267346
id26583,0.389867,0.343702,0.266432
id19664,0.406113,0.326129,0.267758
id25145,0.430606,0.310123,0.259271
id17858,0.423666,0.310619,0.265715
id05148,0.378518,0.345642,0.27584
id22928,0.482542,0.28853,0.228928
id21549,0.374358,0.299571,0.32607
id12649,0.419218,0.33091,0.249872
id21597,0.512423,0.222979,0.264598
id27945,0.36337,0.346874,0.289756
id00243,0.490018,0.295071,0.214911
id02745,0.475763,0.306072,0.218165
id23550,0.368171,0.249782,0.382048
id13023,0.439546,0.291282,0.269172
id24796,0.36701,0.307222,0.325768
id12284,0.370345,0.356827,0.272828
id02664,0.296265,0.391729,0.312006
id23767,0.351514,0.295053,0.353433
id05859,0.425859,0.317181,0.25696
id14350,0.460966,0.290708,0.248326
id01191,0.289872,0.356405,0.353722
id17034,0.48778,0.291003,0.221216
id25292,0.373332,0.337067,0.289601
id22121,0.412422,0.301274,0.286305
id20872,0.51719,0.249315,0.233495
id17720,0.37328,0.330913,0.295807
id22658,0.430153,0.319209,0.250638
id09567,0.376431,0.360604,0.262966
id16445,0.517868,0.262606,0.219526
id08349,0.27357,0.237454,0.488975
id27437,0.392288,0.32673,0.280983
id03812,0.360779,0.335845,0.303376
id22304,0.476992,0.29255,0.230458
id04449,0.391891,0.329576,0.278532
id15605,0.345276,0.30741,0.347315
id01768,0.50835,0.250617,0.241033
id20019,0.467744,0.240612,0.291643
id09593,0.310107,0.379983,0.309909
id23179,0.282035,0.297933,0.420033
id21279,0.476768,0.240205,0.283027
id06711,0.263373,0.240548,0.49608
id14243,0.337082,0.343319,0.319599
id04839,0.347937,0.28929,0.362773
id17220,0.394268,0.332463,0.273269
id24177,0.465226,0.304306,0.230467
id20512,0.377591,0.295433,0.326977
id14036,0.331435,0.381237,0.287328
id25001,0.341331,0.321395,0.337274
id06175,0.346333,0.350184,0.303484
id24720,0.44938,0.29662,0.254
id08070,0.359579,0.302299,0.338122
id18934,0.436534,0.300867,0.262599
id01338,0.485432,0.291494,0.223075
id19008,0.358489,0.35712,0.284391
id19632,0.409552,0.351086,0.239362
id26224,0.335924,0.329684,0.334393
id08219,0.453015,0.234307,0.312679
id24008,0.312176,0.211946,0.475878
id12475,0.408447,0.333835,0.257718
id05766,0.499157,0.282023,0.21882
id27386,0.41211,0.323901,0.263988
id12476,0.325977,0.356062,0.317961
id08311,0.440068,0.319547,0.240385
id04996,0.498696,0.242709,0.258595
id17350,0.350589,0.267567,0.381844
id05546,0.378036,0.363421,0.258543
id16504,0.399203,0.274376,0.326422
id05782,0.318203,0.229812,0.451984
id20560,0.344226,0.249132,0.406642
id14171,0.403319,0.233679,0.363002
id27461,0.34508,0.305371,0.34955
id03581,0.382108,0.260309,0.357583
id21847,0.370427,0.311591,0.317982
id11712,0.394789,0.29666,0.308551
id26738,0.324842,0.262516,0.412642
id13668,0.347087,0.33935,0.313563
id15114,0.452672,0.257135,0.290194
id20130,0.467336,0.236695,0.295969
id18331,0.437543,0.313162,0.249296
id24465,0.504447,0.285565,0.209988
id13539,0.372041,0.288221,0.339739
id27564,0.394477,0.344767,0.260756
id26043,0.364014,0.243563,0.392423
id04965,0.446514,0.191078,0.362408
id08645,0.351628,0.316493,0.331879
id26610,0.453811,0.209669,0.33652
id21737,0.49024,0.294324,0.215436
id25784,0.313913,0.408264,0.277823
id23030,0.42099,0.284758,0.294252
id16450,0.388437,0.351589,0.259974
id02161,0.505721,0.284017,0.210261
id25535,0.415088,0.295599,0.289312
id16566,0.440899,0.279987,0.279114
id05714,0.402703,0.297454,0.299843
id16524,0.392482,0.322001,0.285516
id23941,0.349439,0.359641,0.29092
id00831,0.351667,0.358507,0.289825
id18145,0.351897,0.282047,0.366056
id17227,0.401102,0.247747,0.351151
id09417,0.442256,0.23065,0.327094
id21307,0.436893,0.313097,0.250009
id05650,0.372726,0.33734,0.289934
id23901,0.583752,0.21303,0.203219
id05831,0.400785,0.266685,0.33253
id16708,0.43961,0.309364,0.251027
id02281,0.35239,0.202914,0.444697
id11599,0.429073,0.25705,0.313877
id18353,0.375783,0.272687,0.351529
id07413,0.365234,0.31719,0.317575
id15653,0.422526,0.266618,0.310856
id09715,0.394645,0.273035,0.332319
id05108,0.403912,0.344261,0.251827
id09537,0.401585,0.227593,0.370822
id27596,0.45274,0.262407,0.284852
id24255,0.340071,0.347031,0.312898
id05080,0.400092,0.247784,0.352124
id09484,0.412115,0.272917,0.314968
id14864,0.431896,0.217501,0.350603
id26836,0.47708,0.253736,0.269184
id07003,0.479509,0.300727,0.219764
id13750,0.382538,0.34545,0.272013
id21799,0.397507,0.323154,0.279339
id11285,0.524944,0.234954,0.240102
id04735,0.432694,0.311111,0.256196
id23049,0.269877,0.27943,0.450694
id05826,0.400673,0.297641,0.301686
id17916,0.417053,0.290966,0.29198
id14081,0.38137,0.203334,0.415296
id10527,0.355782,0.221066,0.423152
id16059,0.338711,0.365714,0.295575
id25542,0.394571,0.333187,0.272242
id05402,0.439856,0.218357,0.341788
id01927,0.435124,0.299028,0.265848
id27656,0.471904,0.260959,0.267137
id06708,0.337956,0.316279,0.345765
id03524,0.400721,0.337888,0.261391
id12297,0.391916,0.324401,0.283683
id03439,0.448812,0.309949,0.241238
id04587,0.366157,0.367696,0.266147
id25470,0.40624,0.309329,0.284431
id01212,0.396836,0.344265,0.258899
id13932,0.423828,0.271164,0.305008
id00124,0.407583,0.262304,0.330114
id01592,0.330657,0.285114,0.384229
id13461,0.428852,0.308563,0.262586
id24681,0.433228,0.293405,0.273367
id23245,0.314287,0.223388,0.462325
id14073,0.347727,0.300363,0.35191
id05172,0.376281,0.264571,0.359148
id21979,0.469422,0.219947,0.310631
id00328,0.474405,0.198437,0.327159
id26102,0.478871,0.284107,0.237022
id14867,0.333246,0.244706,0.422049
id27544,0.386874,0.309243,0.303884
id16228,0.394843,0.307865,0.297292
id16342,0.385525,0.315188,0.299288
id24933,0.484969,0.252542,0.262489
id04601,0.371024,0.36339,0.265586
id01599,0.367011,0.334737,0.298253
id06238,0.468985,0.27791,0.253105
id06826,0.357362,0.302752,0.339886
id23307,0.401421,0.323807,0.274772
id13575,0.445999,0.26893,0.285071
id24174,0.318079,0.227144,0.454777
id19534,0.392625,0.256931,0.350444
id19602,0.381739,0.277171,0.341091
id26962,0.326755,0.306441,0.366804
id04448,0.41444,0.314483,0.271077
id09786,0.413752,0.324435,0.261813
id25240,0.451573,0.293923,0.254503
id14893,0.422615,0.340194,0.237191
id24221,0.425891,0.293032,0.281076
id04696,0.443583,0.245176,0.311241
id15153,0.382154,0.344405,0.273441
id13882,0.351024,0.356221,0.292754
id17836,0.332187,0.360094,0.307719
id00574,0.319085,0.379923,0.300992
id02078,0.376293,0.311068,0.312639
id21206,0.396769,0.303461,0.299769
id20084,0.404222,0.291268,0.30451
id26598,0.38811,0.277023,0.334867
id06838,0.356523,0.215955,0.427522
id08786,0.32358,0.252262,0.424158
id09550,0.389728,0.230378,0.379894
id10206,0.495896,0.256952,0.247152
id21113,0.320078,0.263048,0.416873
id21151,0.4857,0.285196,0.229104
id02692,0.455463,0.286674,0.257863
id26446,0.508012,0.22054,0.271447
id07377,0.44941,0.278943,0.271647
id15998,0.367047,0.261405,0.371548
id19637,0.375733,0.270132,0.354135
id19735,0.436674,0.314519,0.248807
id13739,0.432811,0.265562,0.301627
id25175,0.372986,0.280558,0.346455
id00563,0.399697,0.275757,0.324546
id09982,0.444157,0.258625,0.297218
id15459,0.351372,0.386474,0.262155
id20785,0.285535,0.238967,0.475499
id07145,0.357358,0.311758,0.330884
id22204,0.366722,0.305599,0.327679
id09285,0.424363,0.250295,0.325342
id18157,0.456146,0.254922,0.288932
id12134,0.363867,0.323379,0.312754
id23914,0.42864,0.344695,0.226665
id10483,0.47058,0.281914,0.247506
id07092,0.471173,0.26114,0.267686
id14786,0.346102,0.350541,0.303357
id25741,0.490328,0.219549,0.290123
id09050,0.38546,0.326501,0.288039
id04938,0.481403,0.262936,0.255661
id05901,0.487377,0.296394,0.216229
id16975,0.315734,0.343149,0.341118
id08547,0.386987,0.269404,0.343609
id16355,0.372553,0.286597,0.34085
id14568,0.366194,0.294728,0.339079
id25599,0.349663,0.318735,0.331601
id01670,0.328437,0.331298,0.340266
id23945,0.39214,0.347584,0.260276
id17394,0.30652,0.292619,0.400861
id06501,0.51148,0.229135,0.259386
id26234,0.387427,0.325015,0.287558
id21280,0.372913,0.254627,0.37246
id20048,0.261601,0.351514,0.386885
id01216,0.353713,0.319762,0.326525
id25320,0.418683,0.266043,0.315275
id22833,0.388482,0.332907,0.278612
id22056,0.411263,0.256681,0.332056
id02275,0.366488,0.29774,0.335772
id26127,0.434183,0.303146,0.262672
id17011,0.372943,0.356711,0.270347
id13847,0.45002,0.250317,0.299663
id00013,0.31714,0.348223,0.334637
id16463,0.397605,0.307897,0.294498
id04845,0.400538,0.327907,0.271555
id01787,0.432127,0.308366,0.259507
id08637,0.362421,0.311363,0.326216
id11414,0.370256,0.25984,0.369905
id13177,0.392779,0.278123,0.329099
id24517,0.413433,0.287967,0.2986
id26838,0.381743,0.326379,0.291878
id23081,0.314822,0.376266,0.308912
id16327,0.408036,0.305768,0.286196
id27282,0.356487,0.347791,0.295722
id07489,0.352889,0.342503,0.304608
id01718,0.279006,0.319254,0.40174
id15441,0.460055,0.260402,0.279544
id27736,0.366451,0.308383,0.325166
id16324,0.347281,0.359104,0.293616
id12027,0.39475,0.253766,0.351485
id24653,0.433585,0.321485,0.24493
id17541,0.338579,0.238708,0.422713
id22406,0.308789,0.309744,0.381467
id18356,0.496366,0.265905,0.237729
id04505,0.548866,0.207262,0.243872
id04246,0.480963,0.220183,0.298854
id07368,0.343776,0.312191,0.344033
id26185,0.303973,0.291071,0.404955
id08878,0.374241,0.341255,0.284504
id27691,0.268466,0.25494,0.476594
id18004,0.337421,0.317975,0.344604
id24426,0.362353,0.328575,0.309072
id14164,0.491401,0.251639,0.25696
id12653,0.30106,0.362241,0.336699
id18060,0.470772,0.291027,0.238201
id18556,0.502535,0.216421,0.281044
id27371,0.412155,0.316869,0.270977
id11989,0.351,0.313898,0.335103
id26095,0.420429,0.330788,0.248784
id24978,0.36063,0.279222,0.360148
id20322,0.296481,0.233271,0.470248
id01954,0.411745,0.303015,0.28524
id07434,0.425574,0.225147,0.349279
id18144,0.3462,0.269919,0.38388
id16250,0.41703,0.309494,0.273476
id17793,0.34051,0.322235,0.337255
id24067,0.39884,0.291429,0.309731
id13891,0.227493,0.204634,0.567873
id07334,0.463026,0.268726,0.268247
id15633,0.389046,0.279217,0.331737
id23239,0.365907,0.318795,0.315299
id10674,0.320403,0.311136,0.368461
id22093,0.48857,0.259546,0.251884
id08444,0.387239,0.291047,0.321714
id03257,0.372697,0.283079,0.344224
id10040,0.42644,0.310094,0.263466
id04902,0.38358,0.257976,0.358444
id01219,0.425554,0.274161,0.300285
id01340,0.606576,0.236088,0.157336
id05117,0.371621,0.34324,0.285139
id04908,0.333457,0.239201,0.427342
id03626,0.38747,0.274978,0.337552
id01888,0.398053,0.32068,0.281267
id17199,0.359611,0.243054,0.397335
id11200,0.466943,0.250237,0.282819
id27561,0.392944,0.196546,0.410509
id20966,0.38783,0.384048,0.228122
id10257,0.358461,0.34025,0.301289
id21168,0.404437,0.318931,0.276632
id23363,0.310203,0.304042,0.385755
id05321,0.29991,0.249547,0.450543
id09928,0.296911,0.263381,0.439708
id18015,0.363868,0.338057,0.298076
id02082,0.382132,0.350946,0.266922
id19279,0.499617,0.253696,0.246687
id08541,0.532948,0.271384,0.195668
id15249,0.308915,0.381845,0.30924
id03609,0.330506,0.334863,0.334631
id22902,0.399037,0.303874,0.297089
id17733,0.467881,0.283684,0.248435
id07554,0.285389,0.309517,0.405094
id14120,0.370868,0.321243,0.307889
id21802,0.387986,0.321714,0.2903
id15614,0.338746,0.327222,0.334032
id19437,0.294896,0.22177,0.483334
id22698,0.493206,0.2615,0.245293
id21841,0.310211,0.3278,0.361989
id16177,0.489981,0.31395,0.196069
id15887,0.421066,0.319532,0.259402
id22629,0.471185,0.241449,0.287366
id10346,0.485958,0.300725,0.213317
id05154,0.495115,0.297613,0.207271
id22913,0.525051,0.280829,0.19412
id10544,0.376186,0.331657,0.292157
id08703,0.416312,0.351928,0.231759
id12817,0.502058,0.229618,0.268324
id25433,0.46335,0.259839,0.276811
id25112,0.296783,0.280468,0.422749
id05054,0.374939,0.304625,0.320436
id02311,0.382814,0.345605,0.27158
id22160,0.367837,0.289753,0.34241
id17422,0.390944,0.321878,0.287178
id18985,0.403734,0.282878,0.313388
id21905,0.347113,0.303411,0.349476
id17474,0.415631,0.302379,0.28199
id15236,0.374623,0.366621,0.258756
id13964,0.350966,0.33719,0.311843
id15962,0.381097,0.343752,0.27515
id20866,0.38861,0.282521,0.328869
id06625,0.414907,0.275407,0.309686
id09793,0.431715,0.223207,0.345078
id17365,0.313432,0.405207,0.281361
id18463,0.411115,0.336617,0.252268
id20693,0.335262,0.370911,0.293827
id08785,0.348914,0.34056,0.310527
id06783,0.404005,0.326605,0.26939
id23178,0.338923,0.316258,0.344819
id13513,0.323652,0.385572,0.290775
id25361,0.320918,0.298317,0.380765
id22319,0.370421,0.261255,0.368323
id14024,0.519226,0.268303,0.212471
id24186,0.412688,0.314953,0.27236
id20965,0.498951,0.248424,0.252625
id06242,0.397239,0.288584,0.314177
id25665,0.357531,0.335585,0.306884
id09706,0.379572,0.321389,0.299038
id11026,0.339829,0.398853,0.261319
id04223,0.429064,0.312963,0.257973
id19674,0.360603,0.358766,0.280631
id23420,0.303486,0.314643,0.381871
id18059,0.38582,0.329386,0.284794
id22576,0.512239,0.251733,0.236027
id18495,0.345701,0.350692,0.303607
id14139,0.429479,0.240957,0.329564
id18313,0.360422,0.325017,0.314562
id27356,0.368099,0.290857,0.341044
id16035,0.372795,0.30749,0.319715
id04182,0.41233,0.289425,0.298245
id15667,0.400611,0.323359,0.276031
id08713,0.377864,0.317648,0.304488
id25563,0.315466,0.403672,0.280863
id17023,0.447661,0.310716,0.241623
id03014,0.299709,0.381711,0.318581
id23812,0.382316,0.344617,0.273067
id20057,0.354362,0.285784,0.359854
id12385,0.456086,0.3183,0.225615
id24416,0.373069,0.342923,0.284008
id15672,0.408073,0.330546,0.261381
id13868,0.409752,0.316514,0.273735
id21095,0.36323,0.306594,0.330176
id05305,0.378011,0.291684,0.330305
id15384,0.353344,0.315675,0.330981
id14049,0.382973,0.266907,0.350119
id23441,0.411469,0.319055,0.269475
id12856,0.385442,0.266374,0.348184
id16055,0.342033,0.36001,0.297957
id24771,0.386368,0.284352,0.32928
id14053,0.409648,0.307574,0.282778
id19547,0.366069,0.307323,0.326608
id03639,0.343818,0.255038,0.401144
id14546,0.361792,0.33218,0.306028
id13935,0.364447,0.305903,0.329649
id20335,0.505833,0.279001,0.215166
id07301,0.356499,0.303255,0.340246
id10186,0.493416,0.250444,0.256141
id00192,0.421687,0.279343,0.29897
id17851,0.42355,0.302061,0.274389
id08403,0.333274,0.352101,0.314625
id06183,0.40816,0.296462,0.295379
id24738,0.357575,0.342263,0.300162
id15112,0.464697,0.25237,0.282932
id19819,0.38648,0.273711,0.339809
id17722,0.369976,0.314502,0.315522
id24273,0.284996,0.292921,0.422083
id18939,0.223204,0.2115,0.565296
id16076,0.393199,0.329521,0.27728
id23158,0.290765,0.287056,0.422179
id12745,0.491896,0.231455,0.276649
id22538,0.389987,0.277593,0.33242
id14975,0.403824,0.316015,0.280161
id27537,0.440115,0.330182,0.229703
id06632,0.306052,0.202447,0.491501
id08100,0.409691,0.283913,0.306396
id00843,0.49619,0.282134,0.221676
id22159,0.318506,0.249392,0.432101
id18672,0.465086,0.21646,0.318455
id06916,0.434986,0.333215,0.231799
id22212,0.43098,0.292825,0.276195
id00273,0.289403,0.255639,0.454959
id26325,0.460431,0.299371,0.240198
id23683,0.423361,0.344685,0.231954
id14419,0.352977,0.314811,0.332212
id11931,0.395623,0.341811,0.262566
id00568,0.368837,0.349026,0.282137
id12271,0.405304,0.363109,0.231587
id12622,0.399842,0.318178,0.28198
id03156,0.298589,0.324136,0.377275
id25592,0.48589,0.276357,0.237753
id24367,0.377549,0.331824,0.290627
id16007,0.39995,0.321358,0.278693
id04785,0.507906,0.252586,0.239508
id07888,0.395538,0.289932,0.314529
id13557,0.36417,0.363786,0.272045
id20726,0.447835,0.258498,0.293666
id09580,0.526369,0.225923,0.247708
id05173,0.440409,0.302754,0.256837
id10394,0.368353,0.355396,0.276251
id03926,0.389036,0.333053,0.277911
id07264,0.486199,0.25018,0.26362
id01862,0.445981,0.290795,0.263224
id20808,0.371113,0.348032,0.280856
id26658,0.371069,0.278674,0.350258
id04479,0.506626,0.277233,0.216141
id17445,0.378376,0.348543,0.273081
id04430,0.382504,0.343231,0.274264
id06052,0.45212,0.242078,0.305802
id11485,0.41297,0.297146,0.289884
id13060,0.439428,0.240898,0.319674
id20873,0.459429,0.27262,0.267951
id21927,0.36551,0.345851,0.288639
id02736,0.339669,0.338339,0.321992
id11234,0.387423,0.259618,0.352959
id27894,0.490844,0.248877,0.260279
id23208,0.401958,0.28712,0.310923
id18470,0.369411,0.282241,0.348349
id23172,0.402574,0.293842,0.303584
id08752,0.460175,0.239281,0.300544
id14242,0.454131,0.267043,0.278826
id22908,0.401737,0.244916,0.353347
id17454,0.340315,0.337271,0.322414
id23797,0.530063,0.206853,0.263085
id03788,0.388229,0.331183,0.280588
id23682,0.386388,0.291833,0.321779
id07179,0.457391,0.302784,0.239826
id09746,0.333579,0.350458,0.315963
id26613,0.41814,0.268473,0.313388
id05142,0.452511,0.295203,0.252287
id04825,0.347589,0.347215,0.305196
id13691,0.515314,0.209919,0.274768
id14183,0.364898,0.194412,0.440689
id19519,0.298137,0.21381,0.488053
id26685,0.317771,0.204907,0.477322
id07937,0.390742,0.289638,0.31962
id10574,0.363314,0.297331,0.339355
id15310,0.384948,0.322742,0.29231
id27311,0.300777,0.278706,0.420516
id11590,0.402491,0.291466,0.306043
id19798,0.26882,0.321618,0.409562
id12201,0.347485,0.291333,0.361182
id12460,0.40365,0.246883,0.349467
id12019,0.407137,0.332302,0.260561
id08046,0.31621,0.288413,0.395377
id02989,0.362214,0.29192,0.345867
id26905,0.312926,0.298524,0.388551
id09779,0.479622,0.291484,0.228894
id04359,0.447707,0.304106,0.248187
id01526,0.454201,0.285454,0.260345
id22325,0.34621,0.374742,0.279048
id27878,0.367391,0.326373,0.306236
id06413,0.398324,0.333986,0.26769
id12616,0.387457,0.292363,0.32018
id05301,0.429077,0.316182,0.25474
id13258,0.401853,0.252243,0.345904
id08789,0.354264,0.271457,0.37428
id11776,0.411347,0.336105,0.252548
id21899,0.464273,0.309766,0.225962
id18108,0.36611,0.271942,0.361948
id23585,0.431445,0.275002,0.293553
id22122,0.28143,0.171399,0.547171
id22855,0.461556,0.235069,0.303375
id19551,0.401599,0.301571,0.296829
id18535,0.381097,0.367869,0.251034
id15115,0.390251,0.209267,0.400482
id00678,0.420772,0.241946,0.337283
id21876,0.314554,0.364035,0.32141
id01553,0.550963,0.227117,0.221921
id09456,0.393687,0.316366,0.289947
id01455,0.336364,0.379281,0.284355
id02454,0.334281,0.358851,0.306869
